           4
    6     1778.43    1.000000      0.10   0.01400      0.10
         175         186         175         187         176         186
         176         187         177         187         177         188
    3     2000.00    0.034531      3.70   0.01309      0.26
         177         186         178         185         178         186
    3     2000.00    0.013792    202.67   0.01206      3.12
         178         187         179         185         180         184
    3     2000.00    0.011682    401.84   0.01103      5.97
         179         186         180         185         180         186
