           5
    2      742.92    0.014784     81.58   0.01400      2.06
         167         174         168         174
    8     2000.00    0.012320     63.56   0.01366      1.66
         167         175         167         176         167         177
         168         175         168         176         169         174
         169         175         169         176
   11     2000.00    0.012320     83.14   0.01275      2.09
         168         177         168         178         168         179
         168         180         169         177         169         178
         170         177         170         182         171         182
         172         182         173         182
   10     2000.00    0.013694     57.12   0.01183      1.50
         169         179         169         180         169         181
         170         178         170         179         170         180
         170         181         171         181         172         181
         173         181
    5     2000.00    0.012629     57.36   0.01092      1.51
         171         179         171         180         172         179
         172         180         173         180
