           4
    2     1052.56    0.009651     20.37   0.01400      0.82
         160         156         160         157
    7     2000.00    0.018194     13.14   0.01340      0.58
         160         158         160         162         160         163
         161         158         161         159         162         158
         162         159
    3     2000.00    0.014292     13.14   0.01227      0.58
         160         161         161         160         162         160
    4     2000.00    0.010132     77.68   0.01113      2.00
         161         161         161         162         161         163
         161         164
