           6
    3     1453.68    1.000000      0.10   0.01400      0.10
         167         170         167         172         168         170
    4     2000.00    1.000000      0.10   0.01349      0.10
         167         171         168         171         168         172
         168         173
    1     2000.00    0.012068      6.40   0.01279      0.38
         169         173
    3     2000.00    0.015706      6.40   0.01210      0.38
         170         174         170         175         170         176
    3     2000.00    0.010638      6.40   0.01140      0.38
         171         175         171         176         172         176
    3     2000.00    0.009499      6.40   0.01070      0.38
         171         177         171         178         172         178
