           7
    1        0.21    1.000000      0.10   0.01400      0.10
         160         171
    1     2000.00    1.000000      0.10   0.01400      0.10
         161         172
    3     2000.00    1.000000      0.10   0.01333      0.10
         161         173         162         172         162         173
    4     2000.00    0.102787      4.77   0.01267      0.31
         161         174         163         171         163         172
         163         173
    6     2000.00    0.029873      5.05   0.01200      0.32
         164         171         164         172         164         173
         165         170         165         171         166         170
    5     2000.00    0.014832     55.98   0.01133      1.48
         164         174         165         172         165         173
         166         171         166         172
    5     2000.00    0.015502     55.94   0.01067      1.48
         165         174         166         173         166         174
         166         175         167         173
