           4
    4      938.70    1.000000      0.10   0.01400      0.10
         160         174         160         175         160         176
         160         177
    7     2000.00    0.061483      4.65   0.01346      0.31
         161         175         161         176         161         177
         162         174         162         175         162         176
         162         177
    7     2000.00    0.049928      4.78   0.01231      0.31
         163         174         163         175         163         176
         163         177         164         175         164         176
         164         177
    4     2000.00    0.019160      4.83   0.01115      0.31
         165         175         165         176         165         177
         166         176
