           5
    1     1697.24    0.011732      6.40   0.01400      0.38
         172         177
    5     2000.00    0.008370     85.65   0.01330      2.13
         173         178         173         179         174         179
         174         180         174         181
    6     2000.00    0.012730     85.65   0.01247      2.13
         174         182         174         183         174         184
         174         185         175         180         175         185
    9     2000.00    0.018057     85.65   0.01165      2.13
         175         181         175         182         175         183
         175         184         176         181         176         182
         176         183         176         184         176         185
    6     2000.00    0.016604     85.65   0.01082      2.13
         177         182         177         183         177         184
         177         185         178         183         178         184
