           8
    2     1937.27    1.000000      0.10   0.01400      0.10
         153         167         156         166
    0     2000.00    1.000000      0.10   0.01351      0.10
 
    0     2000.00    1.000000      0.10   0.01301      0.10
 
    6     2000.00    1.000000      0.10   0.01251      0.10
         153         168         154         167         154         168
         154         169         155         169         159         164
    5     2000.00    0.038434      7.16   0.01201      0.41
         155         167         155         168         156         167
         156         168         158         165
    4     2000.00    0.078133      7.16   0.01151      0.41
         157         166         157         167         158         166
         160         164
    3     2000.00    0.064165      7.16   0.01100      0.41
         159         165         159         166         160         165
    2     2000.00    0.022346      7.16   0.01050      0.41
         161         165         162         164
