           9
    1      273.27    1.000000      0.10   0.01400      0.10
         156         169
    0     2000.00    1.000000      0.10   0.01393      0.10
 
    3     2000.00    1.000000      0.10   0.01344      0.10
         157         168         157         169         158         167
    5     2000.00    1.000000      0.10   0.01295      0.10
         158         168         158         169         159         167
         159         168         162         161
    8     2000.00    0.058340     29.29   0.01246      0.88
         158         170         159         169         159         170
         160         166         160         167         160         168
         161         167         162         162
    9     2000.00    0.037990     29.84   0.01197      0.90
         160         169         161         166         161         168
         161         169         162         163         162         165
         162         166         163         163         163         164
    7     2000.00    0.031525     29.82   0.01147      0.89
         162         167         162         168         163         165
         163         166         163         167         164         165
         164         166
    3     2000.00    0.008820     54.71   0.01098      1.46
         164         167         165         166         165         167
    3     2000.00    0.007758     30.28   0.01049      0.90
         165         168         165         169         166         169
