          17
    1     1326.55    1.000000      0.10   0.01400      0.10
         141         154
    0     2000.00    1.000000      0.10   0.01384      0.10
 
    3     2000.00    1.000000      0.10   0.01360      0.10
         142         153         144         150         144         151
    2     2000.00    1.000000      0.10   0.01336      0.10
         144         152         145         149
    6     2000.00    1.000000      0.10   0.01312      0.10
         142         154         145         150         145         151
         145         152         146         148         146         149
   14     2000.00    0.033848     12.04   0.01288      0.58
         143         153         143         154         143         155
         144         153         144         154         144         155
         146         150         146         151         146         152
         147         148         147         149         147         150
         147         151         147         152
   16     2000.00    0.047035      9.47   0.01264      0.48
         145         153         145         154         145         155
         145         156         146         153         146         154
         146         155         148         148         148         149
         148         150         148         151         148         152
         149         148         149         149         149         150
         149         151
   17     2000.00    0.042006      7.26   0.01240      0.40
         146         156         147         153         147         154
         147         155         147         156         148         153
         148         154         148         155         149         147
         149         152         150         148         150         149
         150         150         150         151         150         152
         151         148         153         148
   19     2000.00    0.027552      9.02   0.01216      0.47
         148         156         149         153         149         154
         149         155         149         156         150         147
         150         153         150         154         151         149
         151         150         151         151         151         152
         152         148         152         149         152         150
         152         151         153         149         154         148
         154         149
   12     2000.00    0.017584     11.79   0.01192      0.57
         150         155         150         156         151         153
         151         154         151         155         151         156
         152         152         152         154         152         156
         153         150         153         151         154         151
   10     2000.00    0.015608     11.70   0.01168      0.57
         152         153         152         155         153         152
         153         153         153         154         153         155
         153         156         154         152         155         151
         155         152
   12     2000.00    0.013000     10.11   0.01144      0.51
         154         153         154         154         154         155
         154         156         155         153         155         154
         155         155         155         156         156         152
         156         153         156         154         157         152
    5     2000.00    0.013308     10.11   0.01120      0.51
         156         155         156         156         157         153
         157         154         158         153
    7     2000.00    0.010003     11.35   0.01096      0.54
         156         157         157         155         157         156
         158         154         158         155         159         154
         159         155
    4     2000.00    0.012436     18.22   0.01072      0.76
         157         157         158         156         158         157
         159         156
    2     2000.00    0.006124     20.37   0.01048      0.82
         159         157         159         158
    3     2000.00    0.011048     37.85   0.01024      1.19
         159         159         160         159         160         160
