          21
    2     1862.86    1.000000      0.10   0.01400      0.10
         133         163         135         159
    0     2000.00    1.000000      0.10   0.01382      0.10
 
    4     2000.00    1.000000      0.10   0.01363      0.10
         134         162         137         176         137         177
         138         178
    6     2000.00    1.000000      0.10   0.01344      0.10
         133         166         135         160         138         176
         138         177         139         177         140         177
   12     2000.00    1.000000      0.10   0.01325      0.10
         133         164         137         157         138         173
         138         174         138         175         139         174
         139         175         139         176         140         175
         140         176         141         176         141         177
   15     2000.00    0.041124      9.53   0.01306      0.47
         133         167         134         168         136         158
         136         170         138         172         139         172
         139         173         140         173         140         174
         141         174         141         175         142         174
         142         175         143         174         144         173
   30     2000.00    0.032749     29.34   0.01287      0.95
         134         163         134         164         134         165
         134         166         134         167         135         161
         135         162         135         163         135         164
         135         166         135         167         135         168
         136         168         136         169         137         170
         137         171         138         170         138         171
         139         170         139         171         140         171
         140         172         141         172         141         173
         142         172         142         173         143         172
         143         173         144         172         145         172
   30     2000.00    0.051489     19.53   0.01268      0.71
         135         165         136         162         136         163
         136         164         136         165         136         166
         136         167         137         163         137         164
         137         166         137         167         137         168
         137         169         138         168         138         169
         139         156         139         169         140         156
         140         169         140         170         141         170
         141         171         142         170         142         171
         143         171         144         170         144         171
         145         170         145         171         146         171
   41     2000.00    0.040199     19.83   0.01248      0.71
         136         159         136         160         136         161
         137         158         137         159         137         160
         137         161         137         162         137         165
         138         157         138         158         138         161
         138         162         138         163         138         164
         138         165         138         166         138         167
         139         166         139         167         139         168
         140         167         140         168         141         155
         141         167         141         168         141         169
         142         168         142         169         143         169
         143         170         144         169         145         168
         145         169         146         169         146         170
         147         169         147         170         148         169
         148         170         149         169
   36     2000.00    0.043916     10.53   0.01229      0.48
         138         159         138         160         139         157
         139         158         139         159         139         160
         139         161         139         162         139         163
         139         164         139         165         140         158
         140         159         140         161         140         162
         140         163         140         164         140         165
         140         166         141         156         141         166
         142         155         142         166         142         167
         143         167         143         168         144         167
         144         168         145         167         146         167
         146         168         147         167         147         168
         148         168         150         169         150         170
   35     2000.00    0.033671     17.40   0.01210      0.66
         140         157         140         160         141         157
         141         158         141         159         141         160
         141         161         141         162         141         163
         141         164         141         165         142         156
         142         157         142         161         142         162
         142         163         142         164         142         165
         143         156         143         157         143         165
         143         166         144         165         144         166
         145         166         146         165         146         166
         147         165         147         166         148         166
         148         167         149         168         150         168
         151         168         151         169
   30     2000.00    0.027366     19.06   0.01191      0.70
         142         158         142         159         142         160
         143         158         143         159         143         160
         143         161         143         162         143         163
         143         164         144         156         144         157
         144         161         144         162         144         163
         144         164         145         164         145         165
         146         164         147         164         148         164
         148         165         149         166         149         167
         150         166         150         167         151         166
         151         167         152         166         152         167
   23     2000.00    0.027686     13.59   0.01172      0.57
         144         158         144         159         144         160
         145         157         145         158         145         159
         145         160         145         161         145         162
         145         163         146         157         146         162
         146         163         147         162         147         163
         148         163         149         164         149         165
         150         164         150         165         151         164
         151         165         152         165
   20     2000.00    0.021612     31.21   0.01153      1.01
         146         158         146         159         146         160
         146         161         147         157         147         158
         147         159         147         160         147         161
         148         161         148         162         149         162
         149         163         150         162         150         163
         151         162         151         163         152         163
         152         164         153         166
   11     2000.00    0.032786     19.23   0.01134      0.70
         148         157         148         158         148         159
         148         160         149         157         149         160
         149         161         150         161         151         161
         152         161         152         162
   16     2000.00    0.024830     27.29   0.01115      0.88
         149         158         149         159         150         157
         150         158         150         159         150         160
         151         159         151         160         152         160
         153         157         153         164         153         165
         154         165         154         166         155         165
         156         165
   17     2000.00    0.023249     31.87   0.01096      0.98
         151         157         151         158         152         157
         152         158         152         159         153         160
         153         161         153         162         153         163
         154         157         154         162         154         163
         154         164         155         163         155         164
         155         166         156         164
   12     2000.00    0.024316     27.12   0.01076      0.86
         153         158         153         159         154         158
         154         159         154         160         154         161
         155         157         155         160         155         161
         155         162         156         162         156         163
    8     2000.00    0.020072     38.32   0.01057      1.13
         155         158         155         159         156         158
         156         159         156         160         156         161
         157         161         157         165
   10     2000.00    0.011232     28.82   0.01038      0.92
         157         158         157         159         157         160
         157         162         157         163         157         164
         158         158         158         161         158         163
         158         164
    7     2000.00    0.017370     16.92   0.01019      0.62
         158         159         158         160         158         162
         159         160         159         161         159         162
         159         163
