          17
    1      625.92    1.000000      0.10   0.01400      0.10
         114         169
    1     2000.00    1.000000      0.10   0.01392      0.10
         114         170
    0     2000.00    1.000000      0.10   0.01368      0.10
 
    2     2000.00    1.000000      0.10   0.01343      0.10
         115         168         116         167
    3     2000.00    1.000000      0.10   0.01319      0.10
         114         171         117         166         118         165
    0     2000.00    1.000000      0.10   0.01294      0.10
 
   10     2000.00    1.000000      0.10   0.01270      0.10
         115         169         115         170         116         168
         116         169         116         170         117         167
         117         168         117         170         118         166
         119         166
   10     2000.00    0.055737      5.07   0.01245      0.32
         117         169         118         167         118         168
         118         169         118         170         119         167
         119         168         119         170         120         165
         120         167
   13     2000.00    0.039227      7.83   0.01221      0.43
         119         169         119         171         119         172
         120         166         120         168         120         169
         120         170         120         171         120         172
         121         167         121         168         121         169
         122         164
   17     2000.00    0.071285      6.93   0.01196      0.39
         121         165         121         166         121         170
         121         171         121         172         122         165
         122         166         122         167         122         168
         122         169         122         170         122         171
         123         164         123         166         123         168
         124         164         125         164
   17     2000.00    0.060639      7.54   0.01172      0.41
         123         165         123         167         123         169
         123         170         123         171         124         165
         124         166         124         167         124         168
         124         169         124         170         124         171
         125         165         125         166         125         167
         128         164         131         164
   16     2000.00    0.062206      9.46   0.01147      0.49
         125         168         125         169         125         170
         125         171         126         165         126         166
         126         167         126         168         126         169
         126         170         126         171         127         165
         127         166         127         167         127         168
         128         167
   11     2000.00    0.055563     11.21   0.01123      0.54
         127         169         127         170         127         171
         128         165         128         166         128         168
         128         169         128         170         128         171
         129         165         129         168
   17     2000.00    0.035983     12.85   0.01098      0.60
         129         166         129         167         129         169
         129         170         129         171         130         165
         130         166         130         167         130         168
         130         169         130         170         130         171
         131         165         131         166         132         165
         132         166         133         165
    7     2000.00    0.036971     12.85   0.01074      0.60
         131         167         131         168         131         169
         131         170         132         167         132         168
         132         170
    4     2000.00    0.027705     14.63   0.01049      0.65
         132         169         133         168         133         169
         133         170
    4     2000.00    0.021206     21.53   0.01025      0.85
         134         169         134         170         135         169
         135         170
