           6
    1       42.67    1.000000      0.10   0.01400      0.10
         132         179
    5     2000.00    1.000000      0.10   0.01398      0.10
         132         177         132         178         133         179
         134         179         137         178
   12     2000.00    0.099829      4.90   0.01319      0.32
         131         171         131         172         133         176
         133         177         133         178         134         177
         134         178         135         177         135         178
         136         176         136         177         136         178
   10     2000.00    0.050210     11.35   0.01239      0.49
         132         171         132         172         133         174
         133         175         134         175         134         176
         135         175         135         176         136         175
         137         175
   12     2000.00    0.038937     22.38   0.01159      0.81
         133         171         133         172         133         173
         134         171         134         172         134         173
         134         174         135         173         135         174
         136         174         137         173         137         174
    6     2000.00    0.024007     25.20   0.01080      0.85
         135         171         135         172         136         171
         136         172         136         173         137         172
