          19
    1     1859.50    1.000000      0.10   0.01400      0.10
         107         174
    0     2000.00    1.000000      0.10   0.01380      0.10
 
    0     2000.00    1.000000      0.10   0.01359      0.10
 
    1     2000.00    1.000000      0.10   0.01338      0.10
         109         172
    1     2000.00    1.000000      0.10   0.01317      0.10
         108         176
    1     2000.00    1.000000      0.10   0.01296      0.10
         108         175
    4     2000.00    1.000000      0.10   0.01275      0.10
         108         174         109         173         111         172
         113         171
    6     2000.00    1.000000      0.10   0.01254      0.10
         109         174         109         175         109         176
         110         172         112         172         113         176
    7     2000.00    0.048948      6.89   0.01232      0.40
         110         173         110         174         110         175
         111         173         111         174         111         175
         112         175
    7     2000.00    0.064888      6.89   0.01211      0.40
         112         173         112         174         113         172
         113         173         113         174         113         175
         114         172
   15     2000.00    0.062789      7.15   0.01190      0.40
         114         173         114         174         114         175
         114         176         115         171         115         172
         115         173         115         174         115         175
         115         176         116         171         116         172
         116         176         117         171         118         171
   11     2000.00    0.061899      7.44   0.01169      0.41
         116         173         116         174         116         175
         117         172         117         173         117         174
         117         175         117         176         118         172
         118         176         119         176
    9     2000.00    0.066773      7.85   0.01148      0.43
         118         173         118         174         118         175
         119         173         119         174         119         175
         120         173         120         175         120         176
    6     2000.00    0.053173     17.34   0.01127      0.73
         120         174         121         173         121         174
         121         175         122         172         122         175
    6     2000.00    0.068849     17.34   0.01106      0.73
         122         173         122         174         123         172
         123         173         123         174         124         174
    5     2000.00    0.036569     17.34   0.01085      0.73
         124         172         124         173         125         172
         125         173         125         174
    8     2000.00    0.032148     17.34   0.01063      0.73
         126         172         126         173         126         174
         127         172         127         173         127         174
         128         172         128         174
    6     2000.00    0.027966     17.34   0.01042      0.73
         128         173         129         172         129         173
         129         174         130         172         130         174
    3     2000.00    0.032720     17.34   0.01021      0.73
         130         173         131         173         132         173
