           6
    1      490.43    1.000000      0.10   0.01400      0.10
         123         175
    1     2000.00    1.000000      0.10   0.01381      0.10
         124         175
    3     2000.00    1.000000      0.10   0.01305      0.10
         125         175         126         175         131         179
    5     2000.00    0.074877      8.88   0.01229      0.45
         127         175         128         175         129         177
         130         178         131         178
    6     2000.00    0.060541     12.51   0.01153      0.52
         129         175         129         176         130         175
         130         176         130         177         131         177
    6     2000.00    0.033361     38.54   0.01076      1.25
         131         174         131         175         131         176
         132         174         132         175         132         176
