          10
    2      744.65    1.000000      0.10   0.01400      0.10
         114         186         114         187
    3     2000.00    1.000000      0.10   0.01384      0.10
         115         186         115         187         116         187
    9     2000.00    0.052784      5.23   0.01341      0.33
         116         185         116         186         116         188
         117         185         117         186         117         187
         117         188         118         186         118         188
   11     2000.00    0.076925      5.28   0.01299      0.33
         118         185         118         187         119         184
         119         185         119         186         119         187
         119         188         120         184         120         187
         121         187         122         187
   14     2000.00    0.080180      6.98   0.01256      0.39
         120         185         120         186         121         183
         121         184         121         185         121         186
         122         186         123         186         123         187
         124         186         124         187         124         188
         125         187         125         188
   16     2000.00    0.062191     10.55   0.01213      0.53
         122         182         122         183         122         184
         122         185         123         183         123         184
         123         185         124         185         125         185
         125         186         126         185         126         186
         126         187         127         186         127         187
         128         186
   16     2000.00    0.057394     10.55   0.01171      0.53
         123         181         123         182         124         180
         124         181         124         182         124         183
         124         184         125         183         125         184
         126         183         126         184         127         184
         127         185         128         184         128         185
         129         184
   13     2000.00    0.059176      9.92   0.01128      0.50
         125         179         125         180         125         181
         125         182         126         181         126         182
         127         182         127         183         128         182
         128         183         129         182         129         183
         130         182
   13     2000.00    0.130999     12.49   0.01085      0.58
         126         179         126         180         127         179
         127         180         127         181         128         180
         128         181         129         180         129         181
         130         179         130         180         130         181
         131         180
    4     2000.00    0.070082     13.13   0.01043      0.59
         128         178         128         179         129         178
         129         179
