          28
    1      204.88    1.000000      0.10   0.01400      0.10
         101         186
    0     2000.00    1.000000      0.10   0.01398      0.10
 
    2     2000.00    1.000000      0.10   0.01384      0.10
         102         182         102         183
    0     2000.00    1.000000      0.10   0.01369      0.10
 
    0     2000.00    1.000000      0.10   0.01354      0.10
 
    0     2000.00    1.000000      0.10   0.01339      0.10
 
    0     2000.00    1.000000      0.10   0.01325      0.10
 
    0     2000.00    1.000000      0.10   0.01310      0.10
 
    2     2000.00    1.000000      0.10   0.01295      0.10
         101         187         102         184
    0     2000.00    1.000000      0.10   0.01280      0.10
 
    2     2000.00    1.000000      0.10   0.01266      0.10
         105         178         106         177
    1     2000.00    1.000000      0.10   0.01251      0.10
         104         180
    3     2000.00    1.000000      0.10   0.01236      0.10
         102         185         103         181         105         179
    3     2000.00    1.000000      0.10   0.01221      0.10
         101         188         102         188         103         188
   16     2000.00    0.059072      8.69   0.01207      0.46
         102         186         102         187         103         182
         103         183         103         184         103         185
         103         186         103         187         104         187
         104         188         105         180         105         187
         105         188         105         189         106         178
         106         189
   28     2000.00    0.066931      7.32   0.01192      0.41
         104         181         104         182         104         183
         104         184         104         185         104         186
         105         181         105         183         105         184
         105         185         105         186         106         179
         106         180         106         186         106         187
         106         188         107         177         107         178
         107         188         107         189         108         177
         108         178         108         188         109         178
         109         188         109         189         110         189
         111         189
   30     2000.00    0.059601      6.08   0.01177      0.36
         105         182         106         181         106         182
         106         183         106         184         106         185
         107         179         107         180         107         181
         107         182         107         184         107         185
         107         186         107         187         108         179
         108         180         108         185         108         186
         108         187         109         177         109         179
         109         180         109         187         110         178
         110         179         110         187         110         188
         111         187         111         188         112         187
   21     2000.00    0.051163      7.61   0.01162      0.42
         107         183         108         181         108         182
         108         183         108         184         109         181
         109         182         109         183         109         184
         109         185         109         186         110         177
         110         180         110         181         110         185
         110         186         111         185         111         186
         112         185         112         186         113         187
   17     2000.00    0.046649     11.98   0.01148      0.57
         110         176         110         182         110         183
         110         184         111         176         111         177
         111         178         111         179         111         180
         111         182         111         184         112         176
         112         184         113         185         113         186
         114         184         114         185
   19     2000.00    0.068657     10.08   0.01133      0.49
         111         181         111         183         112         177
         112         178         112         179         112         180
         112         181         112         182         112         183
         113         177         113         178         113         179
         113         180         113         183         113         184
         114         177         114         178         114         183
         115         185
   17     2000.00    0.066349     11.67   0.01118      0.54
         113         181         113         182         114         179
         114         180         114         181         114         182
         115         177         115         178         115         179
         115         182         115         183         115         184
         116         177         116         178         116         183
         116         184         117         178
   15     2000.00    0.061187      9.69   0.01103      0.47
         115         180         115         181         116         179
         116         180         116         181         116         182
         117         177         117         179         117         180
         117         182         117         183         117         184
         118         183         118         184         119         183
   15     2000.00    0.037815     15.05   0.01089      0.63
         117         181         118         177         118         178
         118         179         118         180         118         181
         118         182         119         177         119         178
         119         181         119         182         120         177
         120         182         120         183         121         182
   10     2000.00    0.051573      8.73   0.01074      0.43
         119         179         119         180         120         178
         120         179         120         180         120         181
         121         176         121         177         121         181
         122         181
    9     2000.00    0.021930     29.75   0.01059      1.05
         121         178         121         179         121         180
         122         176         122         177         122         178
         122         179         122         180         123         180
    8     2000.00    0.017910     29.75   0.01044      1.05
         123         176         123         177         123         178
         123         179         124         176         124         177
         124         178         124         179
    6     2000.00    0.037421     29.75   0.01030      1.05
         125         176         125         177         125         178
         126         176         126         177         126         178
    5     2000.00    0.019786     29.75   0.01015      1.05
         127         176         127         177         127         178
         128         176         128         177
