          21
    1      687.00    1.000000      0.10   0.01400      0.10
         160         155
    0     2000.00    1.000000      0.10   0.01393      0.10
 
    2     2000.00    1.000000      0.10   0.01374      0.10
         161         156         161         157
    2     2000.00    0.005793    159.72   0.01354      3.23
         162         156         162         157
    4     2000.00    0.003331    382.14   0.01334      5.78
         163         158         163         161         163         162
         164         158
    3     2000.00    0.003585    382.14   0.01315      5.78
         163         159         163         160         164         164
    5     2000.00    0.007928    382.14   0.01295      5.78
         164         160         164         161         164         162
         164         163         165         161
    5     2000.00    0.009694    382.14   0.01275      5.78
         165         162         165         163         165         164
         165         165         166         163
    6     2000.00    0.011935    281.45   0.01256      4.53
         166         164         166         165         166         166
         166         167         166         168         167         164
    5     2000.00    0.014171    382.14   0.01236      5.78
         167         165         167         166         167         167
         167         169         168         166
    6     2000.00    0.006949    382.14   0.01216      5.78
         167         168         168         167         168         168
         168         169         169         167         169         168
    9     2000.00    0.013525    255.96   0.01197      3.93
         169         169         169         170         169         171
         169         172         170         168         170         169
         170         170         171         169         171         170
    7     2000.00    0.005977    382.44   0.01177      5.78
         170         171         170         172         170         173
         171         171         172         170         172         171
         173         171
    6     2000.00    0.010077    382.44   0.01157      5.78
         171         172         171         173         171         174
         172         172         172         173         173         172
    7     2000.00    0.008860    256.39   0.01138      3.94
         172         174         172         175         173         173
         173         174         174         173         174         174
         175         173
    7     2000.00    0.005707    382.72   0.01118      5.78
         173         175         173         176         173         177
         174         175         174         176         175         174
         175         175
    4     2000.00    0.007346    382.72   0.01098      5.78
         174         177         174         178         175         176
         175         177
    4     2000.00    0.008511    283.88   0.01079      4.57
         175         178         175         179         176         178
         176         179
    4     2000.00    0.006314    382.99   0.01059      5.79
         176         180         177         180         177         181
         178         180
    3     2000.00    0.009385    382.99   0.01039      5.79
         178         181         178         182         179         182
    2     2000.00    0.011949     85.65   0.01020      2.13
         179         183         179         184
