          13
    2     1293.14    1.000000      0.10   0.01400      0.10
         146         147         147         142
    2     2000.00    0.014828     86.90   0.01380      2.15
         146         142         146         146
    8     2000.00    0.087622     83.17   0.01348      1.88
         146         145         147         143         147         144
         147         145         147         146         147         147
         148         146         148         147
    5     2000.00    0.030705     55.66   0.01316      1.27
         148         144         148         145         149         145
         149         146         151         144
    5     2000.00    0.035025    159.32   0.01285      3.22
         150         145         150         146         151         146
         151         147         154         150
    5     2000.00    0.011223    159.32   0.01253      3.22
         151         145         152         145         152         146
         152         147         153         147
    3     2000.00    0.016616     81.57   0.01221      1.75
         153         146         154         146         155         146
    7     2000.00    0.006018    159.32   0.01190      3.22
         154         147         155         147         155         148
         155         149         155         150         156         147
         156         151
    6     2000.00    0.007840    159.32   0.01158      3.22
         156         148         156         149         156         150
         157         148         157         149         157         151
    7     2000.00    0.007820    108.00   0.01127      2.26
         157         150         158         149         158         150
         158         152         159         149         159         150
         159         153
    5     2000.00    0.009736     81.47   0.01095      1.74
         158         151         159         151         159         152
         160         150         160         154
    2     2000.00    0.009224     82.34   0.01063      1.78
         160         152         160         153
    1     2000.00    0.006363    159.72   0.01032      3.23
         161         155
