          18
    1     1857.20    1.000000      0.10   0.01400      0.10
          75         122
    0     2000.00    1.000000      0.10   0.01379      0.10
 
    1     2000.00    1.000000      0.10   0.01357      0.10
          66         144
    4     2000.00    1.000000      0.10   0.01335      0.10
          66         142          66         143          69         145
          74         123
    6     2000.00    1.000000      0.10   0.01312      0.10
          67         141          68         144          73         124
          73         147          75         147          76         148
    7     2000.00    0.060853      7.15   0.01290      0.41
          67         142          67         143          68         142
          68         143          70         145          72         146
          77         148
   20     2000.00    0.069174      7.15   0.01268      0.41
          68         139          68         140          68         141
          69         139          69         140          69         141
          69         142          69         143          69         144
          70         141          70         142          70         143
          70         144          71         145          74         147
          75         146          76         146          76         147
          77         123          77         147
   28     2000.00    0.070531      6.00   0.01245      0.36
          70         139          70         140          71         140
          71         141          71         142          71         143
          71         144          72         140          72         141
          72         142          72         143          72         144
          72         145          73         145          73         146
          74         145          74         146          75         145
          76         133          76         134          76         145
          77         129          77         145          77         146
          78         145          78         146          78         147
          79         147
   30     2000.00    0.074381      5.74   0.01223      0.35
          71         139          72         139          73         140
          73         141          73         142          73         143
          73         144          74         125          74         142
          74         143          74         144          75         135
          75         143          75         144          76         123
          76         135          76         136          76         143
          76         144          77         135          77         143
          77         144          79         145          79         146
          80         144          80         145          80         146
          81         144          81         145          82         144
   28     2000.00    0.051349      6.30   0.01201      0.37
          73         138          73         139          74         124
          74         137          74         138          74         139
          74         140          74         141          75         123
          75         126          75         136          75         141
          75         142          76         127          76         137
          76         142          77         128          77         132
          77         136          77         142          78         142
          78         143          78         144          79         143
          79         144          80         143          81         143
          82         143
   26     2000.00    0.068171     13.92   0.01178      0.59
          75         124          75         125          75         137
          75         138          75         139          75         140
          76         124          76         138          76         139
          76         140          76         141          77         140
          77         141          78         131          78         141
          79         141          79         142          80         142
          81         142          82         141          82         142
          83         140          83         141          84         139
          84         140          84         141
   24     2000.00    0.058392     11.03   0.01156      0.51
          76         125          76         126          77         124
          77         125          77         127          77         134
          77         137          77         138          77         139
          78         123          78         124          78         130
          78         135          78         139          78         140
          79         140          80         140          80         141
          81         140          81         141          82         139
          82         140          83         139          84         138
   26     2000.00    0.068375     12.34   0.01134      0.54
          77         126          77         133          78         125
          78         126          78         127          78         128
          78         132          78         136          78         137
          78         138          79         125          79         126
          79         127          79         135          79         136
          79         137          79         138          79         139
          80         125          80         138          80         139
          81         138          81         139          82         138
          83         137          83         138
   19     2000.00    0.078971     15.25   0.01112      0.62
          78         129          78         133          78         134
          79         128          79         132          79         133
          79         134          80         126          80         127
          80         128          80         136          80         137
          81         126          81         136          81         137
          82         136          82         137          83         136
          84         137
   22     2000.00    0.056628     10.90   0.01089      0.50
          79         129          79         130          79         131
          80         129          80         130          80         131
          80         132          80         133          80         134
          80         135          81         127          81         128
          81         133          81         134          81         135
          82         127          82         128          82         135
          83         127          83         135          85         136
          85         137
   19     2000.00    0.045428     13.17   0.01067      0.55
          81         129          81         130          81         131
          81         132          82         129          82         130
          82         131          82         132          82         133
          82         134          83         128          83         129
          83         133          83         134          84         128
          84         129          84         135          84         136
          85         129
   10     2000.00    0.057047     11.61   0.01045      0.51
          83         130          83         131          83         132
          84         130          84         131          84         132
          84         133          84         134          85         130
          90         131
    6     2000.00    0.024011     47.07   0.01022      1.43
          85         132          85         133          86         132
          86         133          88         131          89         131
