          28
    1      190.00    1.000000      0.10   0.01400      0.10
          99         116
    0     2000.00    1.000000      0.10   0.01399      0.10
 
    1     2000.00    1.000000      0.10   0.01384      0.10
          97         117
    0     2000.00    1.000000      0.10   0.01369      0.10
 
    0     2000.00    1.000000      0.10   0.01354      0.10
 
    0     2000.00    1.000000      0.10   0.01340      0.10
 
    0     2000.00    1.000000      0.10   0.01325      0.10
 
    0     2000.00    1.000000      0.10   0.01310      0.10
 
    0     2000.00    1.000000      0.10   0.01295      0.10
 
    0     2000.00    1.000000      0.10   0.01280      0.10
 
    2     2000.00    1.000000      0.10   0.01266      0.10
          98         117         101         115
    0     2000.00    1.000000      0.10   0.01251      0.10
 
    0     2000.00    1.000000      0.10   0.01236      0.10
 
    1     2000.00    1.000000      0.10   0.01221      0.10
         100         116
    0     2000.00    1.000000      0.10   0.01207      0.10
 
    3     2000.00    1.000000      0.10   0.01192      0.10
          96         120          96         122          99         117
    2     2000.00    1.000000      0.10   0.01177      0.10
          96         119          96         123
    4     2000.00    1.000000      0.10   0.01162      0.10
          96         118          96         121          96         124
         102         115
   18     2000.00    0.039187      5.68   0.01148      0.35
          97         118          97         119          97         120
          97         121          97         122          97         123
          97         125          98         118          98         119
          98         120          98         123          99         118
         100         117         101         116         102         116
         103         116         103         117         104         117
   21     2000.00    0.047245      6.73   0.01133      0.39
          97         124          98         121          98         122
          98         124          98         125          99         119
          99         120          99         121          99         122
          99         123         100         118         100         119
         100         120         100         123         101         117
         101         118         101         119         102         117
         102         118         103         118         104         118
   22     2000.00    0.081830      5.87   0.01118      0.36
          99         124          99         125          99         126
         100         121         100         122         100         124
         100         126         101         120         101         121
         101         122         101         123         101         124
         101         127         102         119         102         120
         102         121         102         123         102         124
         103         119         103         120         104         119
         105         119
   16     2000.00    0.111676      7.23   0.01103      0.40
         100         125         100         127         101         125
         101         126         102         122         102         126
         102         127         103         121         103         122
         103         123         103         126         103         127
         104         120         104         121         105         120
         105         121
   14     2000.00    0.112489     12.20   0.01089      0.57
         102         125         103         124         103         125
         103         128         104         122         104         123
         104         124         104         126         104         127
         105         122         105         123         106         122
         106         123         107         123
    9     2000.00    0.080501     11.93   0.01074      0.57
         104         125         104         128         105         124
         105         125         105         126         106         124
         107         124         107         125         108         125
   10     2000.00    0.055624     22.86   0.01059      0.88
         105         127         105         128         105         129
         106         125         106         126         106         127
         106         128         107         126         108         126
         109         127
   10     2000.00    0.078986     22.86   0.01044      0.88
         106         129         106         130         107         127
         107         128         107         129         107         130
         107         131         108         127         108         128
         109         128
    8     2000.00    0.051466     22.86   0.01030      0.88
         108         129         108         130         108         131
         108         132         109         129         109         130
         110         129         110         130
    5     2000.00    0.044093     22.86   0.01015      0.88
         109         131         109         132         110         131
         110         132         111         131
