          47
    1      524.00    1.000000      0.10   0.01400      0.10
          61         132
    1     2000.00    1.000000      0.10   0.01398      0.10
          60         136
    1     2000.00    1.000000      0.10   0.01389      0.10
          59         139
    1     2000.00    1.000000      0.10   0.01380      0.10
          59         138
    0     2000.00    1.000000      0.10   0.01372      0.10
 
    1     2000.00    1.000000      0.10   0.01363      0.10
          59         140
    0     2000.00    1.000000      0.10   0.01355      0.10
 
    0     2000.00    1.000000      0.10   0.01346      0.10
 
    0     2000.00    1.000000      0.10   0.01337      0.10
 
    0     2000.00    1.000000      0.10   0.01329      0.10
 
    0     2000.00    1.000000      0.10   0.01320      0.10
 
    0     2000.00    1.000000      0.10   0.01311      0.10
 
    0     2000.00    1.000000      0.10   0.01303      0.10
 
    0     2000.00    1.000000      0.10   0.01294      0.10
 
    0     2000.00    1.000000      0.10   0.01285      0.10
 
    0     2000.00    1.000000      0.10   0.01277      0.10
 
    1     2000.00    1.000000      0.10   0.01268      0.10
          63         130
    0     2000.00    1.000000      0.10   0.01259      0.10
 
    1     2000.00    1.000000      0.10   0.01251      0.10
          62         134
    0     2000.00    1.000000      0.10   0.01242      0.10
 
    0     2000.00    1.000000      0.10   0.01233      0.10
 
    0     2000.00    1.000000      0.10   0.01225      0.10
 
    1     2000.00    1.000000      0.10   0.01216      0.10
          62         131
    0     2000.00    1.000000      0.10   0.01208      0.10
 
    1     2000.00    1.000000      0.10   0.01199      0.10
          68         130
    0     2000.00    1.000000      0.10   0.01190      0.10
 
    0     2000.00    1.000000      0.10   0.01182      0.10
 
    0     2000.00    1.000000      0.10   0.01173      0.10
 
    0     2000.00    1.000000      0.10   0.01164      0.10
 
    2     2000.00    1.000000      0.10   0.01156      0.10
          61         135          62         133
    0     2000.00    1.000000      0.10   0.01147      0.10
 
    0     2000.00    1.000000      0.10   0.01138      0.10
 
    1     2000.00    1.000000      0.10   0.01130      0.10
          60         137
    0     2000.00    1.000000      0.10   0.01121      0.10
 
    0     2000.00    1.000000      0.10   0.01112      0.10
 
    0     2000.00    1.000000      0.10   0.01104      0.10
 
    0     2000.00    1.000000      0.10   0.01095      0.10
 
    2     2000.00    1.000000      0.10   0.01086      0.10
          62         132          65         130
    1     2000.00    1.000000      0.10   0.01078      0.10
          64         130
   14     2000.00    1.000000      0.10   0.01069      0.10
          60         138          60         139          60         140
          61         136          61         137          61         138
          61         140          61         143          62         135
          62         136          62         137          63         136
          63         137          65         144
   20     2000.00    0.035910      7.30   0.01061      0.41
          61         139          62         138          62         139
          62         140          62         141          62         142
          62         143          63         131          63         132
          63         133          63         134          63         135
          63         138          63         139          63         142
          63         143          64         135          64         143
          65         143          67         130
   27     2000.00    0.066162      5.87   0.01052      0.36
          63         140          63         141          64         131
          64         132          64         133          64         134
          64         136          64         138          64         139
          64         140          64         141          64         142
          65         131          65         132          65         133
          65         134          65         135          65         141
          65         142          66         130          66         141
          67         131          69         131          70         131
          70         132          71         131          71         132
   20     2000.00    0.043555      7.12   0.01043      0.40
          64         137          65         136          65         137
          65         138          65         139          65         140
          66         131          66         132          66         133
          66         134          66         135          66         136
          66         140          67         132          67         133
          67         139          67         140          68         131
          68         132          69         132
   12     2000.00    0.043714      9.66   0.01035      0.48
          66         137          66         138          66         139
          67         134          67         135          67         136
          67         138          68         133          68         134
          68         135          69         133          70         133
   12     2000.00    0.037156     12.63   0.01026      0.59
          67         137          68         136          68         137
          68         138          69         134          69         135
          69         136          69         138          70         134
          70         135          70         138          71         133
    8     2000.00    0.041431     14.88   0.01017      0.66
          69         137          70         136          70         137
          71         134          71         135          71         136
          71         137          71         138
    5     2000.00    0.071303     14.44   0.01009      0.62
          72         135          72         136          72         137
          72         138          73         137
