          39
    1     1017.09    1.000000      0.10   0.01400      0.10
          68         124
    0     2000.00    1.000000      0.10   0.01395      0.10
 
    0     2000.00    1.000000      0.10   0.01384      0.10
 
    2     2000.00    1.000000      0.10   0.01374      0.10
          68         125          68         127
    0     2000.00    1.000000      0.10   0.01364      0.10
 
    0     2000.00    1.000000      0.10   0.01353      0.10
 
    0     2000.00    1.000000      0.10   0.01343      0.10
 
    0     2000.00    1.000000      0.10   0.01332      0.10
 
    0     2000.00    1.000000      0.10   0.01322      0.10
 
    1     2000.00    1.000000      0.10   0.01312      0.10
          68         126
    1     2000.00    1.000000      0.10   0.01301      0.10
          70         120
    0     2000.00    1.000000      0.10   0.01291      0.10
 
    0     2000.00    1.000000      0.10   0.01280      0.10
 
    0     2000.00    1.000000      0.10   0.01270      0.10
 
    0     2000.00    1.000000      0.10   0.01260      0.10
 
    0     2000.00    1.000000      0.10   0.01249      0.10
 
    1     2000.00    1.000000      0.10   0.01239      0.10
          70         130
    0     2000.00    1.000000      0.10   0.01229      0.10
 
    0     2000.00    1.000000      0.10   0.01218      0.10
 
    0     2000.00    1.000000      0.10   0.01208      0.10
 
    0     2000.00    1.000000      0.10   0.01197      0.10
 
    3     2000.00    1.000000      0.10   0.01187      0.10
          69         128          71         120          73         120
    1     2000.00    1.000000      0.10   0.01177      0.10
          69         123
    1     2000.00    1.000000      0.10   0.01166      0.10
          69         122
    0     2000.00    1.000000      0.10   0.01156      0.10
 
    1     2000.00    1.000000      0.10   0.01145      0.10
          72         120
    1     2000.00    1.000000      0.10   0.01135      0.10
          69         121
    0     2000.00    1.000000      0.10   0.01125      0.10
 
    1     2000.00    1.000000      0.10   0.01114      0.10
          74         120
    2     2000.00    1.000000      0.10   0.01104      0.10
          73         121          74         121
   10     2000.00    0.022767      4.55   0.01093      0.30
          70         121          70         122          70         123
          71         121          71         122          72         121
          72         122          73         122          73         123
          74         122
    6     2000.00    0.027263      5.32   0.01083      0.33
          69         124          70         124          71         123
          71         124          72         123          72         124
   12     2000.00    0.023085      9.75   0.01073      0.50
          69         125          69         126          69         127
          70         125          70         126          70         129
          71         125          71         126          72         125
          72         126          72         127          73         126
    8     2000.00    0.017738      9.68   0.01062      0.49
          70         127          70         128          71         127
          71         128          72         128          73         125
          73         127          74         126
   11     2000.00    0.069380     10.05   0.01052      0.50
          71         129          71         130          72         129
          72         130          72         131          73         128
          74         127          74         128          75         127
          75         128          76         128
   12     2000.00    0.055712      8.83   0.01042      0.46
          72         132          73         129          73         130
          73         131          74         129          74         130
          75         129          75         130          76         129
          76         130          77         130          77         131
    8     2000.00    0.032494     14.92   0.01031      0.66
          72         133          73         132          74         131
          74         132          75         131          75         132
          76         131          76         132
    7     2000.00    0.027402     17.37   0.01021      0.74
          72         134          73         133          73         134
          74         133          74         134          75         133
          75         134
    4     2000.00    0.037953     13.88   0.01010      0.61
          73         135          73         136          74         135
          74         136
