          20
    3     1065.12    1.000000      0.10   0.01400      0.10
         104         136         105         138         110         127
    2     2000.00    1.000000      0.10   0.01389      0.10
         105         136         105         137
   11     2000.00    0.112716      3.78   0.01369      0.27
         106         136         106         137         106         138
         107         135         107         136         107         137
         107         138         108         138         109         137
         109         138         110         139
   13     2000.00    0.113169      6.36   0.01348      0.37
         108         135         108         136         108         137
         109         135         109         136         110         128
         110         138         111         127         111         130
         111         138         112         127         112         138
         115         129
   15     2000.00    0.106477     10.04   0.01328      0.49
         110         134         110         135         110         136
         110         137         111         128         111         129
         111         132         111         135         111         136
         111         137         112         128         112         131
         112         137         113         137         114         137
   18     2000.00    0.068924     20.22   0.01307      0.70
         110         133         111         133         111         134
         112         129         112         130         112         132
         112         134         112         135         112         136
         113         129         113         130         113         135
         113         136         114         135         114         136
         115         136         116         136         117         130
   14     2000.00    0.096534     33.65   0.01287      1.01
         112         133         113         131         113         132
         113         133         113         134         114         130
         114         131         114         132         114         134
         115         130         115         135         116         135
         117         136         122         128
   14     2000.00    0.091277     41.05   0.01266      1.18
         114         133         115         131         115         132
         115         133         115         134         116         130
         116         131         116         134         117         131
         117         135         118         130         118         136
         118         137         119         139
   12     2000.00    0.036579     52.53   0.01246      1.44
         116         132         116         133         117         132
         117         133         117         134         118         131
         118         134         118         135         119         135
         119         136         120         129         120         136
   20     2000.00    0.027163     59.68   0.01225      1.60
         118         132         118         133         119         130
         119         131         119         132         119         133
         119         134         119         137         119         138
         120         133         120         134         120         135
         120         137         121         134         121         135
         121         136         122         136         123         128
         124         128         125         128
   22     2000.00    0.039199     31.32   0.01205      0.97
         120         130         120         131         120         132
         120         138         120         139         121         129
         121         130         121         131         121         132
         121         133         121         137         121         138
         121         139         122         129         122         133
         122         134         122         135         123         133
         123         134         123         135         123         136
         126         128
   18     2000.00    0.053348     21.49   0.01184      0.73
         122         130         122         131         122         132
         122         137         122         138         122         139
         123         129         123         130         123         131
         123         132         123         137         123         138
         123         139         124         132         124         133
         124         134         125         133         125         134
   17     2000.00    0.101153     55.08   0.01164      1.50
         124         129         124         130         124         131
         124         135         124         136         124         137
         124         138         125         129         125         130
         125         131         125         132         125         137
         125         138         126         129         126         134
         126         137         127         130
   12     2000.00    0.036498     26.37   0.01143      0.86
         125         135         125         136         126         130
         126         131         126         132         126         133
         126         135         126         136         127         136
         127         137         128         131         131         132
   11     2000.00    0.102064     32.40   0.01123      0.99
         127         131         127         132         127         133
         127         134         127         135         128         132
         128         135         128         136         130         132
         132         132         133         132
   10     2000.00    0.128719     37.55   0.01102      1.11
         128         133         128         134         128         137
         129         132         129         133         129         134
         129         135         129         136         130         133
         131         133
   16     2000.00    0.205350     50.86   0.01082      1.37
         129         137         130         134         130         135
         130         136         130         137         130         138
         131         134         131         135         131         136
         131         138         132         133         132         134
         132         135         133         133         133         134
         134         134
    8     2000.00    0.064822     20.09   0.01061      0.66
         131         137         132         136         132         137
         132         138         133         135         133         136
         134         135         135         135
    8     2000.00    0.032322     43.77   0.01041      1.20
         133         137         133         138         134         136
         134         137         134         138         135         136
         135         137         136         136
    4     2000.00    0.010338     82.65   0.01020      2.08
         135         138         136         137         136         138
         137         138
