          10
    1     1477.54    1.000000      0.10   0.01400      0.10
         121         140
    4     2000.00    1.000000      0.10   0.01370      0.10
         122         141         123         142         124         143
         125         145
    8     2000.00    1.000000      0.10   0.01329      0.10
         122         140         123         140         123         141
         124         139         124         142         125         142
         125         143         126         138
    9     2000.00    0.123891      6.53   0.01288      0.38
         124         140         124         141         125         139
         125         140         125         141         125         144
         126         142         126         143         126         145
   14     2000.00    0.068258      6.05   0.01246      0.36
         126         139         126         140         126         141
         126         144         127         138         127         139
         127         140         127         141         127         142
         127         143         127         144         127         145
         128         142         128         143
   15     2000.00    0.102336      8.42   0.01205      0.45
         128         138         128         139         128         140
         128         141         128         144         129         138
         129         139         129         140         129         141
         129         142         129         143         129         144
         130         142         130         144         131         145
   13     2000.00    0.061231      7.43   0.01164      0.41
         130         139         130         140         130         141
         130         143         131         139         131         140
         131         141         131         142         131         143
         131         144         132         139         132         143
         132         144
    9     2000.00    0.062400      7.66   0.01123      0.42
         132         140         132         141         132         142
         133         139         133         140         133         141
         133         142         133         143         134         143
    6     2000.00    0.036812     11.65   0.01082      0.56
         134         139         134         140         134         141
         134         142         135         141         135         142
    3     2000.00    0.020412     16.00   0.01041      0.70
         135         139         135         140         136         139
