          37
    1      246.11    1.000000      0.10   0.01400      0.10
          81         116
    0     2000.00    1.000000      0.10   0.01399      0.10
 
    1     2000.00    1.000000      0.10   0.01388      0.10
          80         120
    1     2000.00    1.000000      0.10   0.01376      0.10
          88         114
    0     2000.00    1.000000      0.10   0.01365      0.10
 
    1     2000.00    1.000000      0.10   0.01354      0.10
          81         118
    1     2000.00    1.000000      0.10   0.01343      0.10
          78         122
    0     2000.00    1.000000      0.10   0.01332      0.10
 
    0     2000.00    1.000000      0.10   0.01321      0.10
 
    0     2000.00    1.000000      0.10   0.01310      0.10
 
    0     2000.00    1.000000      0.10   0.01299      0.10
 
    0     2000.00    1.000000      0.10   0.01288      0.10
 
    0     2000.00    1.000000      0.10   0.01277      0.10
 
    1     2000.00    1.000000      0.10   0.01266      0.10
          81         117
    0     2000.00    1.000000      0.10   0.01255      0.10
 
    0     2000.00    1.000000      0.10   0.01244      0.10
 
    0     2000.00    1.000000      0.10   0.01233      0.10
 
    1     2000.00    1.000000      0.10   0.01221      0.10
          81         119
    0     2000.00    1.000000      0.10   0.01210      0.10
 
    2     2000.00    1.000000      0.10   0.01199      0.10
          87         116          89         114
    0     2000.00    1.000000      0.10   0.01188      0.10
 
    0     2000.00    1.000000      0.10   0.01177      0.10
 
    1     2000.00    1.000000      0.10   0.01166      0.10
          80         121
    2     2000.00    1.000000      0.10   0.01155      0.10
          82         116          88         115
    1     2000.00    1.000000      0.10   0.01144      0.10
          83         116
    0     2000.00    1.000000      0.10   0.01133      0.10
 
    0     2000.00    1.000000      0.10   0.01122      0.10
 
    6     2000.00    1.000000      0.10   0.01111      0.10
          81         120          82         117          89         115
          90         115          91         116          92         117
   16     2000.00    0.091802      5.81   0.01100      0.35
          79         122          82         118          83         117
          83         118          84         117          84         118
          85         117          86         117          87         117
          88         116          88         117          89         116
          90         116          91         117          91         118
          92         118
   30     2000.00    0.094924      5.67   0.01089      0.35
          79         123          79         124          80         122
          80         123          81         121          81         122
          82         119          82         120          82         121
          82         122          83         119          83         120
          84         119          85         118          85         119
          86         118          86         119          87         118
          87         119          88         118          88         119
          89         117          89         118          90         117
          90         118          90         119          91         119
          91         120          92         119          92         120
   22     2000.00    0.084193      5.82   0.01078      0.35
          80         124          81         123          81         124
          81         125          82         123          83         121
          83         122          83         123          84         120
          84         121          84         122          85         120
          85         121          86         120          86         121
          87         120          88         120          89         119
          89         120          90         120          90         121
          91         121
   17     2000.00    0.046142      7.36   0.01066      0.41
          82         124          82         125          82         126
          83         124          83         125          84         123
          85         122          85         123          86         122
          87         121          87         122          88         121
          88         122          89         121          89         122
          89         123          90         124
   18     2000.00    0.044782      8.19   0.01055      0.44
          83         126          84         124          84         125
          84         126          85         124          86         123
          86         124          87         123          87         124
          88         123          88         124          89         124
          89         125          89         126          90         125
          90         126          90         127          91         126
   15     2000.00    0.034719      7.52   0.01044      0.41
          84         127          85         125          85         126
          85         127          85         128          86         125
          86         126          87         125          87         126
          88         125          88         126          88         127
          89         127          89         128          90         128
    9     2000.00    0.047670      7.80   0.01033      0.40
          86         127          86         128          87         127
          87         128          88         128          89         129
          89         130          90         129          90         130
    7     2000.00    0.050878     13.16   0.01022      0.57
          85         131          86         129          86         130
          87         129          87         130          88         129
          88         130
    3     2000.00    0.049446     23.71   0.01011      0.91
          86         131          87         131          87         132
