          27
    1     1914.31    1.000000      0.10   0.01400      0.10
          93         117
    0     2000.00    1.000000      0.10   0.01386      0.10
 
    0     2000.00    1.000000      0.10   0.01371      0.10
 
    0     2000.00    1.000000      0.10   0.01356      0.10
 
    0     2000.00    1.000000      0.10   0.01341      0.10
 
    0     2000.00    1.000000      0.10   0.01326      0.10
 
    0     2000.00    1.000000      0.10   0.01312      0.10
 
    0     2000.00    1.000000      0.10   0.01297      0.10
 
    0     2000.00    1.000000      0.10   0.01282      0.10
 
    0     2000.00    1.000000      0.10   0.01267      0.10
 
    3     2000.00    1.000000      0.10   0.01252      0.10
          90         122          90         123          93         118
    4     2000.00    1.000000      0.10   0.01237      0.10
          91         125          92         121          93         119
          93         120
    7     2000.00    0.212741      7.18   0.01223      0.41
          85         135          91         124          91         127
          94         118          94         119          95         118
          95         119
    9     2000.00    0.099983      7.18   0.01208      0.41
          86         136          91         122          91         128
          93         121          94         120          94         121
          95         120          95         121          95         122
   15     2000.00    0.092730      5.84   0.01193      0.35
          85         134          86         135          87         136
          88         136          90         136          91         123
          91         137          92         122          92         123
          92         124          93         122          94         122
          94         123          95         123          95         124
   16     2000.00    0.078811      8.44   0.01178      0.45
          86         134          87         134          87         135
          88         135          89         135          89         136
          91         129          91         130          92         125
          92         126          93         123          93         124
          93         125          94         124          95         125
          96         125
   21     2000.00    0.091664     13.53   0.01163      0.54
          87         133          88         132          88         133
          88         134          89         132          89         134
          90         132          90         135          91         131
          92         127          92         128          93         126
          93         127          94         125          94         126
          94         136          95         126          96         126
          96         127          97         126          97         127
   26     2000.00    0.095928     14.72   0.01148      0.59
          89         133          90         133          90         134
          91         132          91         134          91         135
          91         136          92         129          92         130
          92         131          92         135          92         136
          93         128          93         129          93         130
          93         136          94         127          94         128
          94         129          95         127          95         128
          95         136          96         128          96         129
          97         128          97         129
   18     2000.00    0.138957     29.53   0.01134      0.97
          91         133          92         132          92         133
          92         134          93         131          93         132
          93         134          93         135          94         130
          94         131          95         129          95         130
          96         130          97         130          98         126
          98         127         101         136         103         137
   20     2000.00    0.057895     32.14   0.01119      1.06
          93         133          94         132          94         133
          94         134          94         135          95         131
          95         132          95         134          95         135
          96         131          96         132          96         136
          97         131          97         132          97         136
          98         130          98         131          98         136
          99         136         100         136
   11     2000.00    0.119204     46.36   0.01104      1.33
          95         133          96         133          96         134
          96         135          97         133          97         135
          98         128          98         129          98         132
          98         133          99         127
   17     2000.00    0.181401     44.14   0.01089      1.29
          97         134          98         134          98         135
          99         128          99         129          99         130
          99         131          99         132          99         133
          99         135         100         128         100         129
         100         131         100         132         101         128
         102         128         102         136
   16     2000.00    0.116753     35.16   0.01074      1.07
          99         134         100         130         100         133
         100         134         100         135         101         129
         101         130         101         131         101         132
         101         133         101         135         102         129
         102         130         102         135         103         129
         104         129
   16     2000.00    0.071820     30.67   0.01059      0.95
         101         134         102         131         102         132
         102         133         102         134         103         130
         103         131         103         132         103         134
         103         135         103         136         104         130
         104         131         104         135         105         130
         105         131
    9     2000.00    0.056956     19.85   0.01045      0.68
         103         133         104         132         104         133
         104         134         105         132         105         134
         105         135         106         131         106         135
    6     2000.00    0.042360     66.06   0.01030      1.79
         105         133         106         132         106         133
         106         134         107         132         107         134
    5     2000.00    0.080707     66.06   0.01015      1.79
         107         133         108         133         108         134
         109         133         109         134
