           8
    1      871.41    1.000000      0.10   0.01400      0.10
         135         143
    4     2000.00    0.015258     16.00   0.01377      0.70
         136         140         136         141         136         142
         136         143
    5     2000.00    0.023452     12.16   0.01323      0.56
         137         139         137         140         137         141
         137         142         138         142
    9     2000.00    0.042157     59.06   0.01269      1.53
         138         139         138         140         138         141
         139         139         139         140         139         141
         139         142         140         142         143         140
    3     2000.00    0.058781     45.32   0.01215      1.22
         140         140         140         141         141         141
    2     2000.00    0.026419     86.90   0.01161      2.15
         142         141         144         140
    3     2000.00    0.007862     86.90   0.01108      2.15
         144         141         145         141         145         142
    2     2000.00    0.021792     45.29   0.01054      1.21
         145         143         146         143
