          17
    4      884.40    1.000000      0.10   0.01400      0.10
         124         162         124         163         125         162
         125         163
    9     2000.00    0.098535      5.22   0.01389      0.33
         123         163         125         161         126         161
         126         162         126         163         127         160
         127         161         127         162         127         163
    9     2000.00    0.088655      5.22   0.01365      0.33
         126         160         128         160         128         161
         128         162         128         163         129         161
         129         162         129         163         130         163
   12     2000.00    0.090466      8.23   0.01341      0.45
         126         164         127         164         129         160
         130         160         130         161         130         162
         131         162         131         163         132         162
         132         163         133         162         134         161
   20     2000.00    0.046818      8.23   0.01316      0.45
         126         146         126         147         128         157
         128         158         128         159         129         159
         129         164         130         158         130         159
         130         164         131         159         131         160
         131         161         132         160         132         161
         132         164         133         160         133         161
         134         159         134         160
   21     2000.00    0.036014     12.63   0.01292      0.58
         127         146         127         147         127         148
         127         149         128         147         128         150
         128         155         128         156         129         156
         129         157         129         158         130         157
         131         157         131         158         132         158
         132         159         133         158         133         159
         134         158         135         157         135         158
   26     2000.00    0.120059     10.20   0.01268      0.48
         128         145         128         146         128         148
         128         149         128         154         129         145
         129         146         129         147         129         148
         129         149         129         150         129         151
         129         154         129         155         130         145
         130         155         130         156         131         155
         131         156         132         156         132         157
         133         157         134         156         134         157
         135         156         136         157
   24     2000.00    0.051068     17.46   0.01243      0.63
         129         152         129         153         130         146
         130         147         130         148         130         149
         130         150         130         151         130         152
         130         153         130         154         131         146
         131         149         131         150         131         151
         131         154         132         145         132         154
         132         155         133         155         133         156
         134         155         136         156         137         156
   24     2000.00    0.024324     29.08   0.01219      0.86
         131         147         131         148         131         152
         131         153         132         146         132         147
         132         148         132         149         132         150
         132         151         132         152         132         153
         133         144         133         145         133         153
         133         154         134         154         135         154
         135         155         136         155         137         155
         138         155         139         155         140         155
   28     2000.00    0.022468     23.60   0.01195      0.74
         133         146         133         147         133         148
         133         149         133         150         133         151
         133         152         134         144         134         145
         134         146         134         147         134         148
         134         150         134         151         134         152
         134         153         135         144         135         152
         135         153         136         153         136         154
         137         153         137         154         138         154
         138         156         139         154         140         153
         140         154
   23     2000.00    0.022309     22.44   0.01170      0.71
         134         149         135         145         135         146
         135         147         135         148         135         149
         135         150         135         151         136         144
         136         145         136         146         136         151
         136         152         137         151         137         152
         138         152         138         153         139         152
         139         153         140         152         141         152
         141         153         142         152
   25     2000.00    0.025553     23.17   0.01146      0.70
         136         147         136         148         136         149
         136         150         137         143         137         144
         137         145         137         146         137         147
         137         148         137         149         137         150
         138         146         138         147         138         150
         138         151         139         151         140         150
         140         151         141         150         141         151
         142         151         143         150         143         151
         143         152
   18     2000.00    0.022581     29.43   0.01122      0.86
         138         143         138         144         138         145
         138         148         138         149         139         143
         139         144         139         145         139         146
         139         147         139         148         139         149
         139         150         140         149         141         149
         142         149         142         150         144         149
   16     2000.00    0.013263     19.45   0.01097      0.64
         140         143         140         144         140         145
         140         146         140         147         140         148
         141         142         141         143         141         144
         141         145         141         146         141         148
         142         148         143         148         143         149
         144         148
   15     2000.00    0.023892     41.10   0.01073      1.11
         141         147         142         142         142         143
         142         144         142         145         142         146
         142         147         143         141         143         142
         143         143         143         146         143         147
         144         147         145         147         145         148
    8     2000.00    0.020182     52.96   0.01049      1.35
         143         144         143         145         144         142
         144         143         144         144         144         145
         144         146         145         146
    3     2000.00    0.019194     61.85   0.01024      1.47
         145         144         145         145         146         144
