          27
    2     1572.81    1.000000      0.10   0.01400      0.10
          99         179         100         180
    1     2000.00    1.000000      0.10   0.01388      0.10
         102         181
    1     2000.00    1.000000      0.10   0.01373      0.10
         100         175
    0     2000.00    1.000000      0.10   0.01358      0.10
 
    0     2000.00    1.000000      0.10   0.01343      0.10
 
    0     2000.00    1.000000      0.10   0.01329      0.10
 
    2     2000.00    1.000000      0.10   0.01314      0.10
         101         180         102         180
   12     2000.00    1.000000      0.10   0.01299      0.10
         100         176         100         178         100         179
         101         179         102         171         102         179
         103         170         103         179         103         180
         104         178         104         179         105         168
   13     2000.00    0.089286      4.42   0.01284      0.30
         100         177         101         174         101         176
         101         177         101         178         102         172
         102         177         102         178         103         177
         103         178         104         177         105         177
         106         176
   15     2000.00    0.067907      6.32   0.01269      0.37
         101         175         102         173         102         174
         102         175         102         176         103         175
         103         176         104         175         104         176
         105         169         105         175         105         176
         106         174         106         175         107         175
   10     2000.00    0.045145      5.60   0.01254      0.34
         103         171         103         172         103         173
         103         174         104         174         105         174
         106         173         107         164         107         166
         107         176
   12     2000.00    0.047377      8.60   0.01239      0.44
         104         170         104         171         104         172
         104         173         105         172         105         173
         106         172         107         172         107         173
         108         162         108         172         108         173
   11     2000.00    0.056460     14.79   0.01224      0.66
         105         170         105         171         106         168
         106         170         106         171         107         167
         107         171         108         163         108         171
         109         170         109         171
   16     2000.00    0.053139     17.59   0.01209      0.74
         106         169         107         168         107         169
         107         170         108         169         108         170
         109         168         109         169         110         169
         110         170         110         171         111         157
         111         170         111         171         112         171
         113         170
   17     2000.00    0.062226     13.53   0.01194      0.61
         108         164         108         165         108         166
         108         167         108         168         109         162
         109         167         110         159         110         167
         110         168         111         168         111         169
         112         169         112         170         113         168
         113         169         114         168
   20     2000.00    0.038900     12.51   0.01179      0.58
         109         163         109         164         109         165
         109         166         110         160         110         161
         110         166         111         158         111         166
         111         167         112         167         112         168
         113         156         113         166         113         167
         114         167         115         155         115         166
         115         167         116         166
   20     2000.00    0.056141      7.62   0.01164      0.40
         110         162         110         163         110         164
         110         165         111         159         111         160
         111         162         111         163         111         164
         111         165         112         157         112         165
         112         166         113         165         114         156
         114         165         114         166         115         164
         115         165         116         165
   21     2000.00    0.045569      9.82   0.01149      0.47
         111         161         112         158         112         159
         112         160         112         161         112         162
         112         163         112         164         113         157
         113         158         113         159         113         160
         113         163         113         164         114         157
         114         163         114         164         115         156
         115         163         116         164         117         165
   20     2000.00    0.061236      6.40   0.01134      0.35
         113         161         113         162         114         158
         114         159         114         160         114         161
         114         162         115         157         115         158
         115         159         115         162         116         155
         116         156         116         157         116         162
         116         163         117         154         117         163
         117         164         118         164
   17     2000.00    0.067531      9.47   0.01119      0.45
         115         160         115         161         116         158
         116         159         116         160         116         161
         117         157         117         158         117         159
         117         161         117         162         118         157
         118         162         118         163         119         163
         119         164         120         164
   18     2000.00    0.052167     20.60   0.01105      0.79
         117         156         117         160         118         158
         118         159         118         160         118         161
         119         157         119         158         119         161
         119         162         119         165         120         162
         120         163         121         161         121         162
         121         163         121         164         122         163
   19     2000.00    0.088692     10.81   0.01090      0.49
         117         155         118         154         118         155
         118         156         119         156         119         159
         119         160         120         157         120         158
         120         159         120         160         120         161
         121         157         121         158         121         160
         122         161         122         162         123         161
         123         162
   15     2000.00    0.103145     16.14   0.01075      0.66
         119         154         119         155         120         153
         120         154         120         155         120         156
         121         154         121         156         121         159
         122         158         122         159         122         160
         123         160         124         160         124         161
   17     2000.00    0.111093     16.90   0.01060      0.68
         121         155         122         154         122         155
         122         156         122         157         123         156
         123         157         123         158         123         159
         124         157         124         158         124         159
         125         159         125         160         126         159
         127         158         127         159
   12     2000.00    0.094621     11.95   0.01045      0.53
         123         154         123         155         124         154
         124         155         124         156         125         155
         125         156         125         157         125         158
         126         157         126         158         127         157
    6     2000.00    0.077495     22.93   0.01030      0.85
         125         154         126         154         126         155
         126         156         127         155         127         156
    3     2000.00    0.055531     35.11   0.01015      1.18
         127         153         127         154         128         153
