          23
    1       96.48    1.000000      0.10   0.01400      0.10
         105         140
    0     2000.00    1.000000      0.10   0.01399      0.10
 
    2     2000.00    1.000000      0.10   0.01381      0.10
         105         142         106         144
    3     2000.00    1.000000      0.10   0.01363      0.10
         105         139         105         141         106         143
    0     2000.00    1.000000      0.10   0.01345      0.10
 
    0     2000.00    1.000000      0.10   0.01327      0.10
 
    1     2000.00    1.000000      0.10   0.01308      0.10
         108         151
    3     2000.00    1.000000      0.10   0.01290      0.10
         107         145         108         147         108         150
   10     2000.00    1.000000      0.10   0.01272      0.10
         106         139         106         140         106         141
         106         142         107         139         107         140
         107         144         108         145         108         146
         108         148
   19     2000.00    0.075066      4.22   0.01254      0.29
         107         141         107         142         107         143
         108         139         108         140         108         141
         108         142         108         143         108         144
         108         152         109         139         109         140
         109         143         109         144         109         145
         109         146         110         144         110         145
         111         145
   25     2000.00    0.118888      5.18   0.01236      0.32
         108         149         109         141         109         142
         109         147         110         140         110         141
         110         142         110         143         110         146
         110         155         110         156         111         139
         111         140         111         143         111         144
         111         146         111         156         112         139
         112         156         113         154         113         155
         114         153         114         154         114         155
         115         154
   33     2000.00    0.144302     24.03   0.01218      0.76
         109         148         109         149         109         150
         109         151         109         152         109         153
         110         147         110         148         110         149
         110         150         110         151         110         152
         110         153         110         154         111         141
         111         142         111         147         111         148
         111         154         111         155         112         140
         112         141         112         142         112         143
         112         144         112         145         112         154
         112         155         113         138         113         139
         113         153         114         139         115         139
   29     2000.00    0.102275     18.91   0.01200      0.69
         111         149         111         150         111         151
         111         152         111         153         112         147
         112         148         112         149         112         153
         113         140         113         141         113         142
         113         143         113         144         113         148
         113         149         114         138         114         140
         114         141         114         142         114         143
         115         137         115         138         115         140
         115         153         116         137         116         139
         116         140         116         154
   23     2000.00    0.075850     31.42   0.01181      0.94
         112         146         112         150         112         151
         112         152         113         147         113         150
         113         151         113         152         114         144
         114         149         114         152         115         141
         115         142         115         143         115         152
         116         138         116         141         116         153
         117         137         117         138         117         139
         117         153         118         138
   31     2000.00    0.131673     34.72   0.01163      1.02
         113         145         113         146         114         145
         114         146         114         147         114         148
         114         150         114         151         115         144
         115         150         115         151         116         142
         116         143         116         144         116         151
         116         152         117         140         117         141
         117         142         117         143         117         151
         117         152         118         139         118         140
         118         141         118         142         118         143
         118         144         119         140         119         143
         119         144
   24     2000.00    0.195137     28.65   0.01145      0.86
         115         145         115         146         115         147
         115         148         115         149         116         145
         116         146         116         149         116         150
         117         144         117         145         117         149
         117         150         118         145         118         150
         118         151         118         152         118         153
         119         141         119         142         119         145
         120         140         120         141         121         141
   15     2000.00    0.155092     31.24   0.01127      0.95
         116         147         116         148         117         146
         117         147         117         148         118         146
         118         149         119         146         120         142
         120         143         120         144         120         145
         121         142         121         143         122         142
   19     2000.00    0.096040     55.04   0.01109      1.46
         118         147         118         148         119         147
         119         148         119         149         119         150
         119         151         120         146         120         147
         120         149         120         150         121         144
         121         145         121         146         122         143
         122         144         123         143         123         144
         124         144
   21     2000.00    0.055955     46.54   0.01091      1.29
         119         152         119         153         120         148
         120         151         120         152         121         147
         121         148         121         149         121         150
         121         151         121         153         122         145
         122         146         122         147         122         149
         122         150         123         145         123         146
         124         145         124         146         125         146
   12     2000.00    0.108147     32.63   0.01073      0.94
         121         152         122         148         122         151
         122         152         122         153         123         147
         123         148         123         149         123         150
         123         151         124         147         125         147
   12     2000.00    0.066403     53.01   0.01054      1.36
         123         152         123         153         124         148
         124         149         124         150         124         151
         124         152         124         153         125         148
         125         149         125         150         126         148
    9     2000.00    0.152150     62.87   0.01036      1.58
         125         151         125         152         125         153
         126         149         126         150         126         151
         126         152         126         153         127         150
    4     2000.00    0.132970     69.37   0.01018      1.71
         127         151         127         152         128         151
         128         152
