          12
    1      620.81    1.000000      0.10   0.01400      0.10
          85         139
    1     2000.00    1.000000      0.10   0.01389      0.10
          85         140
    5     2000.00    1.000000      0.10   0.01354      0.10
          85         141          85         142          85         143
          86         139          86         140
    8     2000.00    0.074378      8.13   0.01318      0.44
          86         141          86         142          86         143
          86         144          87         142          87         143
          87         144          88         144
    4     2000.00    0.106284     11.46   0.01283      0.56
          88         142          88         143          88         145
          88         146
    7     2000.00    0.150940     11.46   0.01248      0.56
          89         143          89         144          89         145
          89         146          89         147          90         144
          90         147
    6     2000.00    0.139825     11.46   0.01212      0.56
          90         145          90         146          91         145
          91         146          91         147          91         148
    6     2000.00    0.150717     11.46   0.01177      0.56
          92         146          92         147          92         148
          93         146          93         147          93         148
    3     2000.00    0.105302     11.46   0.01141      0.56
          94         147          94         148          94         149
    5     2000.00    0.063631     11.46   0.01106      0.56
          95         148          95         149          96         148
          96         149          97         148
    4     2000.00    0.036844     11.46   0.01071      0.56
          97         149          98         148          98         149
          99         148
    3     2000.00    0.023915     11.46   0.01035      0.56
          99         149         100         149         101         149
