           6
    2     1973.40    1.000000      0.10   0.01400      0.10
          95         153         107         147
    5     2000.00    1.000000      0.10   0.01334      0.10
          97         152          97         153          98         152
         106         148         107         148
    7     2000.00    0.030492      9.85   0.01267      0.50
          99         152          99         153         100         151
         105         149         106         149         106         150
         107         149
   10     2000.00    0.052729      9.95   0.01200      0.45
         100         152         101         151         101         152
         102         149         102         150         103         149
         104         149         104         150         105         150
         107         150
   11     2000.00    0.045331     21.53   0.01134      0.77
         102         151         102         152         103         150
         103         151         103         152         104         151
         105         151         106         151         106         152
         107         151         107         152
    5     2000.00    0.068449     30.99   0.01067      1.03
         104         152         104         153         105         152
         105         153         106         153
