           8
    1      695.30    1.000000      0.10   0.01400      0.10
          91         138
   11     2000.00    1.000000      0.10   0.01381      0.10
          91         139          92         137          92         138
          92         139          93         137          93         138
          94         137          94         138          95         137
          95         138          96         137
   21     2000.00    0.072157      5.28   0.01327      0.33
          92         140          92         141          93         139
          93         140          94         139          94         140
          95         139          95         140          96         138
          96         139          97         137          97         138
          97         139          98         137         100         137
         101         137         102         138         103         138
         103         139         104         138         104         139
   22     2000.00    0.049811      5.20   0.01272      0.32
          93         141          93         142          93         143
          94         141          94         142          94         143
          95         141          96         140          97         140
          98         138          98         139          99         137
          99         138         100         138         101         138
         101         139         102         139         102         140
         103         140         103         141         104         140
         104         141
   29     2000.00    0.046656      7.17   0.01218      0.40
          94         144          95         142          95         143
          95         144          96         141          96         142
          96         143          96         144          97         141
          97         142          98         140          98         141
          99         139          99         140          99         141
         100         139         100         140         100         141
         101         140         101         141         102         137
         102         141         103         142         103         143
         104         142         104         143         105         143
         105         144         105         145
   18     2000.00    0.038897      8.79   0.01163      0.46
          97         143          97         144          97         145
          98         142          98         143          98         144
          99         142          99         143         100         142
         101         142         101         143         102         142
         102         143         103         144         104         137
         104         144         104         145         106         145
   10     2000.00    0.037328      6.36   0.01109      0.37
          98         145          99         144          99         145
         100         143         100         144         101         144
         101         145         102         144         102         145
         103         145
    5     2000.00    0.021320     16.94   0.01054      0.72
          99         146         100         145         100         146
         100         147         101         146
