          12
    1      568.61    1.000000      0.10   0.01400      0.10
          91         155
    0     2000.00    1.000000      0.10   0.01390      0.10
 
    2     2000.00    1.000000      0.10   0.01354      0.10
          91         154          92         156
    2     2000.00    1.000000      0.10   0.01319      0.10
          91         153          93         157
    1     2000.00    1.000000      0.10   0.01284      0.10
          94         158
    5     2000.00    1.000000      0.10   0.01248      0.10
          92         154          92         155          93         156
          94         153          97         160
    9     2000.00    0.111540      6.63   0.01213      0.39
          93         154          93         155          94         155
          94         156          94         157          95         156
          95         157          95         158          96         158
   15     2000.00    0.085240      5.56   0.01177      0.34
          94         154          95         154          95         155
          96         153          96         154          96         155
          96         156          96         157          97         156
          97         157          97         158          97         159
          98         160          99         160         100         160
   16     2000.00    0.041892      6.35   0.01142      0.37
          97         154          97         155          98         153
          98         154          98         155          98         156
          98         157          98         158          98         159
          99         157          99         158          99         159
         100         159         101         159         102         159
         103         159
   14     2000.00    0.033704      8.05   0.01106      0.44
          99         154          99         155          99         156
         100         153         100         155         100         156
         100         157         100         158         101         156
         101         157         101         158         102         158
         103         157         103         158
   11     2000.00    0.026496      7.56   0.01071      0.42
         100         154         101         153         101         154
         101         155         102         153         102         155
         102         156         102         157         103         153
         103         156         104         156
    5     2000.00    0.036799     10.06   0.01035      0.50
         102         154         103         154         103         155
         104         154         104         155
