          15
    1      728.91    1.000000      0.10   0.01400      0.10
          81         146
    1     2000.00    1.000000      0.10   0.01390      0.10
          82         145
    2     2000.00    1.000000      0.10   0.01362      0.10
          83         149          84         150
    3     2000.00    1.000000      0.10   0.01334      0.10
          83         142          83         143          83         144
    6     2000.00    1.000000      0.10   0.01306      0.10
          82         146          82         147          83         146
          84         142          84         151          84         153
   11     2000.00    0.078362      5.86   0.01278      0.36
          83         145          83         147          83         148
          84         143          84         144          84         145
          84         146          84         147          84         149
          84         152          85         144
   13     2000.00    0.110951      5.60   0.01251      0.34
          84         148          85         145          85         146
          85         147          85         148          85         149
          85         150          85         151          85         152
          85         153          86         145          86         146
          87         145
   15     2000.00    0.097278      6.12   0.01223      0.36
          86         147          86         148          86         149
          86         150          86         151          86         152
          87         146          87         147          87         148
          87         149          87         150          87         151
          87         152          88         147          88         152
    9     2000.00    0.095865      8.58   0.01195      0.46
          88         148          88         149          88         150
          88         151          89         148          89         150
          89         151          89         152          90         152
    8     2000.00    0.088028      9.96   0.01167      0.51
          89         149          90         148          90         149
          90         150          90         151          91         151
          91         152          92         153
   11     2000.00    0.107323      9.96   0.01139      0.51
          91         149          91         150          92         149
          92         150          92         151          92         152
          93         149          93         151          93         152
          93         153          94         152
    5     2000.00    0.055974     17.60   0.01111      0.74
          93         150          94         150          94         151
          95         151          95         152
    5     2000.00    0.023699     17.60   0.01084      0.74
          95         150          96         150          96         151
          96         152          97         151
    5     2000.00    0.024019     17.60   0.01056      0.74
          97         150          98         150          98         151
          99         150          99         151
    2     2000.00    0.017804     10.38   0.01028      0.49
         100         150         101         150
