          11
    1      560.69    1.000000      0.10   0.01400      0.10
          85         138
    0     2000.00    1.000000      0.10   0.01389      0.10
 
    1     2000.00    1.000000      0.10   0.01350      0.10
          86         138
   11     2000.00    0.067755      6.58   0.01311      0.39
          86         137          87         137          87         138
          87         139          87         140          88         137
          88         138          88         139          89         138
          90         137          90         138
    8     2000.00    0.058077      6.58   0.01272      0.39
          87         141          88         140          88         141
          89         137          89         139          89         140
          89         141          90         139
    7     2000.00    0.079459      6.58   0.01233      0.39
          89         142          90         140          90         141
          90         142          90         143          91         140
          91         141
    6     2000.00    0.059406     12.47   0.01195      0.59
          91         142          91         143          91         144
          92         142          92         143          92         145
    3     2000.00    0.059918     12.47   0.01156      0.59
          92         144          93         144          93         145
    6     2000.00    0.108140     12.47   0.01117      0.59
          94         145          94         146          95         145
          95         146          95         147          96         145
    4     2000.00    0.042554     12.47   0.01078      0.59
          96         146          96         147          97         146
          97         147
    3     2000.00    0.026236     12.47   0.01039      0.59
          98         146          98         147          99         147
