          10
    1      365.50    1.000000      0.10   0.01400      0.10
         104         167
    1     2000.00    1.000000      0.10   0.01392      0.10
         104         166
    6     2000.00    1.000000      0.10   0.01348      0.10
         102         165         103         165         103         166
         104         165         105         167         106         167
   13     2000.00    0.057585     30.09   0.01305      0.95
         101         160         101         162         101         163
         101         164         102         164         103         164
         104         164         105         165         105         166
         106         164         106         165         106         166
         107         165
   13     2000.00    0.058954     30.85   0.01261      0.94
         102         160         102         161         102         162
         102         163         103         160         103         161
         103         162         103         163         104         163
         105         163         105         164         106         163
         107         163
    8     2000.00    0.046656     38.13   0.01218      1.11
         104         159         104         160         104         161
         104         162         105         161         105         162
         106         162         107         162
   17     2000.00    0.010265     70.48   0.01174      1.87
         104         157         104         158         105         156
         105         157         105         158         105         159
         105         160         106         160         106         161
         107         160         107         161         108         160
         108         161         109         158         109         159
         109         160         109         161
    9     2000.00    0.127952     71.12   0.01131      1.88
         106         156         106         157         106         158
         106         159         107         158         107         159
         108         158         108         159         110         158
    7     2000.00    0.140491     20.69   0.01087      0.67
         107         156         107         157         108         156
         108         157         109         156         109         157
         110         157
    3     2000.00    0.009367     58.88   0.01044      1.65
         108         153         109         154         109         155
