           8
    6     1048.00    1.000000      0.10   0.01400      0.10
          90         183          91         183          91         184
          98         186          99         186         100         186
   26     2000.00    0.061359      5.80   0.01372      0.35
          91         180          91         181          91         182
          92         183          93         183          93         184
          94         184          94         185          94         186
          95         185          95         186          96         186
          97         185          97         186          98         185
          99         185         100         181         100         182
         100         183         100         184         100         185
         101         181         101         182         101         183
         101         184         101         185
   18     2000.00    0.053901      5.29   0.01319      0.33
          92         181          92         182          93         182
          94         182          94         183          95         183
          95         184          96         183          96         184
          96         185          97         184          98         183
          98         184          99         180          99         181
          99         182          99         183          99         184
   14     2000.00    0.057994      4.59   0.01266      0.30
          91         178          91         179          92         180
          93         180          93         181          94         181
          95         181          95         182          96         182
          97         182          97         183          98         180
          98         181          98         182
   15     2000.00    0.056795      8.27   0.01213      0.43
          92         177          92         178          92         179
          93         179          94         179          94         180
          95         179          95         180          96         180
          96         181          97         180          97         181
          98         179          99         177          99         178
   16     2000.00    0.049755     11.95   0.01159      0.56
          92         176          93         176          93         177
          93         178          94         177          94         178
          95         178          96         178          96         179
          97         177          97         178          97         179
          98         176          98         177          98         178
          99         176
   10     2000.00    0.073119     17.82   0.01106      0.75
          94         175          94         176          95         175
          95         176          95         177          96         176
          96         177          97         175          97         176
          98         175
    5     2000.00    0.035438     20.04   0.01053      0.81
          95         173          95         174          96         174
          96         175          97         174
