           8
    2     1797.09    1.000000      0.10   0.01400      0.10
          84         171          87         182
    6     2000.00    1.000000      0.10   0.01354      0.10
          84         170          86         180          87         181
          88         182          89         182          90         182
   10     2000.00    0.070061      4.13   0.01304      0.28
          86         172          86         179          87         180
          88         180          88         181          89         180
          89         181          90         179          90         180
          90         181
   11     2000.00    0.061157      5.21   0.01253      0.32
          85         170          85         171          86         171
          87         173          87         178          87         179
          88         178          88         179          89         178
          89         179          90         178
   15     2000.00    0.064554      9.15   0.01203      0.48
          87         170          87         171          87         172
          88         171          88         172          88         173
          88         174          88         175          88         176
          88         177          89         176          89         177
          90         177          91         176          91         177
   10     2000.00    0.043631     17.19   0.01152      0.71
          89         171          89         172          89         173
          89         174          89         175          90         172
          90         173          90         174          90         175
          90         176
   11     2000.00    0.050890     15.51   0.01101      0.66
          91         171          91         172          91         173
          91         174          91         175          92         171
          92         172          92         173          92         174
          92         175          93         175
    6     2000.00    0.037610     19.71   0.01051      0.78
          93         171          93         172          93         173
          93         174          94         173          94         174
