           8
    2      502.80    1.000000      0.10   0.01400      0.10
          85         169          86         170
    3     2000.00    1.000000      0.10   0.01386      0.10
          86         168          86         169          87         168
    4     2000.00    0.063857      9.31   0.01331      0.49
          87         169          88         168          88         169
          89         167
    5     2000.00    0.063353      9.31   0.01276      0.49
          89         168          89         169          90         167
          90         168          92         165
    7     2000.00    0.093903      9.31   0.01221      0.49
          91         167          91         168          92         166
          92         167          92         168          93         168
          94         168
    8     2000.00    0.079514      9.31   0.01165      0.49
          93         165          93         166          93         167
          94         165          94         166          94         167
          95         165          95         168
    4     2000.00    0.191635      9.31   0.01110      0.49
          95         166          95         167          96         166
          96         168
    4     2000.00    0.114350      9.31   0.01055      0.49
          96         167          97         166          97         167
          98         167
