           3
    8     1533.11    1.000000      0.10   0.01400      0.10
          82         183          82         184          83         183
          83         184          84         183          84         184
          85         183          86         182
   12     2000.00    0.054620      8.06   0.01289      0.44
          81         180          81         181          81         182
          82         181          82         182          83         181
          83         182          84         182          85         180
          85         181          85         182          86         181
    5     2000.00    0.045760      8.06   0.01145      0.44
          82         180          83         179          83         180
          84         180          84         181
