           8
    1      287.70    1.000000      0.10   0.01400      0.10
          88         170
    2     2000.00    1.000000      0.10   0.01392      0.10
          89         170          90         171
    6     2000.00    0.074050      6.24   0.01336      0.37
          90         169          90         170          91         169
          91         170          98         174          99         175
   10     2000.00    0.047973      6.45   0.01280      0.38
          92         169          92         170          93         169
          93         170          94         169          94         171
          94         172          99         173          99         174
         100         174
   12     2000.00    0.065179     11.03   0.01224      0.49
          94         170          95         169          95         170
          95         171          95         172          96         173
          97         172          97         173          98         172
          98         173         100         173         101         172
   15     2000.00    0.058685     20.32   0.01168      0.76
          96         169          96         170          96         171
          96         172          97         170          97         171
          98         171          99         171          99         172
         100         170         100         171         100         172
         101         170         101         171         101         173
    9     2000.00    0.065763     29.34   0.01112      1.00
          97         168          97         169          98         169
          98         170          99         169          99         170
         100         168         100         169         101         169
    4     2000.00    0.130655     38.17   0.01056      1.24
          98         168          99         167          99         168
         100         167
