           5
    3      923.80    1.000000      0.10   0.01400      0.10
          76         171          77         171          78         170
   10     2000.00    0.030479      9.47   0.01359      0.49
          77         172          77         173          78         171
          78         172          78         173          78         175
          78         176          78         177          79         171
          79         172
    7     2000.00    0.054660      9.47   0.01269      0.49
          78         174          79         173          79         174
          79         175          79         176          79         177
          80         174
    8     2000.00    0.104482      9.47   0.01179      0.49
          79         178          79         179          80         175
          80         176          80         177          80         178
          80         179          81         176
    7     2000.00    0.270381      9.47   0.01090      0.49
          81         177          81         178          81         179
          82         176          82         177          82         178
          82         179
