           5
    3     1706.80    1.000000      0.10   0.01400      0.10
          80         171          80         172          80         173
   11     2000.00    0.088392      7.69   0.01330      0.43
          81         171          81         172          81         173
          81         174          81         175          82         170
          82         171          82         172          83         170
          83         171          83         172
   10     2000.00    0.072990      5.92   0.01247      0.36
          82         173          82         174          82         175
          83         173          83         174          83         175
          84         172          84         173          85         172
          85         173
    5     2000.00    0.051082      6.68   0.01165      0.38
          84         174          84         175          85         174
          85         175          86         173
    4     2000.00    0.052017      9.76   0.01082      0.50
          86         174          86         175          87         174
          87         175
