           5
    1      666.80    1.000000      0.10   0.01400      0.10
         102         170
    6     2000.00    0.065336      6.17   0.01369      0.37
         101         168         102         169         103         168
         103         169         104         168         104         169
    7     2000.00    0.044436      6.17   0.01277      0.37
          96         165          97         164          97         165
         101         167         102         167         102         168
         103         167
    9     2000.00    0.070448     15.21   0.01185      0.60
          98         164          98         165          98         166
          99         165          99         166         100         166
         101         165         101         166         102         166
    5     2000.00    0.033656     30.18   0.01092      1.01
          99         163          99         164         100         163
         100         164         100         165
