           3
    5     1347.70    0.127339      9.00   0.01400      0.47
          83         176          83         177          83         178
          84         179          85         179
    6     2000.00    0.046539     15.28   0.01299      0.68
          84         176          84         177          84         178
          85         176          85         178          86         178
    5     2000.00    0.037789     15.28   0.01150      0.68
          85         177          86         176          86         177
          87         176          87         177
