           6
    3      971.00    1.000000      0.10   0.01400      0.10
          76         162          77         162          78         164
    2     2000.00    1.000000      0.10   0.01365      0.10
          76         161          78         163
    7     2000.00    0.148647     26.36   0.01292      0.97
          76         158          76         159          76         160
          77         158          77         160          77         161
          78         162
    7     2000.00    0.189888     30.04   0.01219      1.06
          77         159          78         158          78         159
          78         160          78         161          79         159
          79         164
   10     2000.00    0.046318     19.59   0.01146      0.74
          79         160          79         161          79         162
          79         163          80         160          80         161
          80         162          80         163          80         164
          81         163
    5     2000.00    0.091640     21.70   0.01073      0.81
          81         161          81         162          82         161
          82         162          82         163
