          11
    3     1126.59    1.000000      0.10   0.01400      0.10
          62         145          63         144          63         145
   10     2000.00    1.000000      0.10   0.01379      0.10
          62         144          63         146          63         148
          63         149          64         144          64         145
          64         146          64         147          65         145
          66         145
   10     2000.00    0.081703      8.62   0.01341      0.46
          64         148          64         149          65         146
          65         147          65         148          65         149
          65         150          65         151          66         146
          66         147
   13     2000.00    0.052615      7.57   0.01303      0.42
          66         148          66         149          66         150
          66         151          67         145          67         146
          67         147          67         148          67         149
          67         150          68         145          68         146
          69         146
   15     2000.00    0.044117      6.10   0.01265      0.36
          66         152          67         151          68         147
          68         148          68         149          68         150
          68         151          69         147          69         148
          69         149          69         150          69         151
          70         146          70         147          71         146
   23     2000.00    0.041811      9.15   0.01227      0.48
          66         153          67         144          67         152
          67         153          67         154          67         155
          68         152          68         153          68         155
          68         156          69         152          70         148
          70         149          70         150          70         151
          71         147          71         148          72         147
          72         148          73         148          74         148
          75         148          76         149
   28     2000.00    0.039076      7.39   0.01189      0.40
          68         154          69         153          69         154
          69         155          69         156          70         152
          70         153          70         154          70         155
          71         149          71         150          71         151
          71         152          72         149          72         150
          72         151          73         149          73         150
          74         149          74         150          75         149
          75         150          76         150          77         149
          77         150          77         151          78         151
          78         152
   17     2000.00    0.039265      6.39   0.01151      0.37
          70         156          71         153          71         154
          71         155          71         156          72         152
          72         153          73         151          73         152
          74         151          75         151          75         152
          76         151          76         152          76         153
          76         154          77         152
   11     2000.00    0.044730      9.25   0.01114      0.47
          72         154          72         155          72         156
          73         153          73         154          73         155
          74         152          74         153          75         153
          75         154          76         155
    8     2000.00    0.045081     16.59   0.01076      0.70
          73         156          73         157          74         154
          74         155          74         156          75         155
          75         156          76         156
    6     2000.00    0.048966     15.03   0.01038      0.65
          73         158          74         157          75         157
          75         158          76         157          77         157
