          12
    3     1245.59    1.000000      0.10   0.01400      0.10
          78         149          78         150          79         151
    1     2000.00    1.000000      0.10   0.01379      0.10
          78         148
    0     2000.00    1.000000      0.10   0.01344      0.10
 
    6     2000.00    1.000000      0.10   0.01310      0.10
          79         148          79         149          79         150
          80         147          80         148          80         150
    6     2000.00    0.075718      8.09   0.01275      0.44
          80         149          81         147          81         148
          81         149          81         150          82         149
   11     2000.00    0.145461      8.09   0.01241      0.44
          80         151          80         152          80         153
          80         154          81         151          81         152
          82         148          82         150          82         151
          83         150          83         151
    9     2000.00    0.103637      8.09   0.01206      0.44
          81         153          81         154          81         155
          82         152          82         153          82         155
          82         156          83         152          83         153
    5     2000.00    0.096679      8.59   0.01172      0.45
          82         154          83         154          83         155
          83         156          84         154
   11     2000.00    0.091613     11.38   0.01138      0.55
          84         155          84         156          84         157
          85         154          85         155          85         156
          85         157          86         154          86         155
          87         154          88         154
   16     2000.00    0.064433      6.00   0.01103      0.35
          85         158          86         156          86         157
          86         158          87         153          87         155
          87         156          88         153          88         155
          89         153          89         154          89         155
          90         153          90         154          90         155
          91         156
   12     2000.00    0.062784      9.38   0.01069      0.48
          86         153          87         157          87         158
          87         159          88         156          88         157
          88         158          89         156          89         157
          90         156          90         157          91         157
    6     2000.00    0.112108     10.16   0.01034      0.51
          88         159          89         158          89         159
          89         160          90         158          90         159
