           5
    5     1010.09    1.000000      0.10   0.01400      0.10
          71         163          71         164          76         167
          77         166          77         167
   23     2000.00    0.027758      4.44   0.01355      0.30
          67         157          67         158          68         157
          68         158          68         159          69         157
          70         161          70         162          71         162
          72         163          72         164          72         165
          73         164          73         165          73         166
          74         165          74         166          75         166
          76         165          76         166          77         163
          77         164          77         165
   21     2000.00    0.058298      4.79   0.01266      0.31
          69         158          69         159          69         160
          70         157          70         158          70         159
          70         160          71         158          71         160
          71         161          72         161          72         162
          73         162          73         163          74         163
          74         164          75         163          75         164
          75         165          76         163          76         164
   12     2000.00    0.079987      6.90   0.01178      0.39
          71         157          71         159          72         157
          72         158          72         159          72         160
          73         160          73         161          74         161
          74         162          75         161          75         162
    6     2000.00    0.040723      9.55   0.01089      0.49
          73         159          74         158          74         159
          74         160          75         159          75         160
