           9
    1      817.30    1.000000      0.10   0.01400      0.10
          77         153
    1     2000.00    1.000000      0.10   0.01381      0.10
          79         152
    2     2000.00    1.000000      0.10   0.01333      0.10
          77         154          77         156
    3     2000.00    1.000000      0.10   0.01285      0.10
          77         155          78         153          79         153
    6     2000.00    0.051810      9.46   0.01238      0.49
          78         154          78         155          78         156
          78         157          79         154          79         155
    8     2000.00    0.105668      9.46   0.01190      0.49
          79         156          79         157          79         158
          80         155          80         156          80         157
          81         156          81         157
    7     2000.00    0.141274      9.46   0.01143      0.49
          80         158          80         159          81         158
          81         159          81         160          82         157
          82         158
    7     2000.00    0.070005      9.46   0.01095      0.49
          82         159          82         160          83         157
          83         158          83         159          83         160
          84         158
    4     2000.00    0.067437      9.46   0.01048      0.49
          84         159          84         160          85         159
          85         160
