          11
    1      175.19    1.000000      0.10   0.01400      0.10
          85         168
    2     2000.00    1.000000      0.10   0.01397      0.10
          85         167          86         167
    6     2000.00    1.000000      0.10   0.01357      0.10
          85         165          85         166          86         166
          87         166          87         167          88         167
   12     2000.00    0.071423      4.44   0.01317      0.30
          86         165          87         163          87         164
          87         165          88         165          88         166
          89         165          89         166          90         165
          90         166          91         165          91         166
    9     2000.00    0.041832      5.09   0.01278      0.32
          88         162          88         163          88         164
          89         163          89         164          90         164
          91         158          92         157          93         158
   10     2000.00    0.032842     11.34   0.01238      0.55
          89         162          90         160          90         161
          90         162          90         163          91         159
          91         164          92         158          92         159
          93         159
   12     2000.00    0.066232     32.58   0.01198      1.04
          91         160          91         161          91         162
          91         163          92         160          92         161
          92         163          92         164          93         160
          93         164          94         159          94         164
   10     2000.00    0.060920     48.30   0.01159      1.45
          92         162          93         161          93         162
          93         163          94         160          94         163
          95         159          95         160          95         164
          96         159
   10     2000.00    0.048294     48.30   0.01119      1.45
          94         161          94         162          95         161
          95         162          95         163          96         160
          96         161          96         163          96         164
          97         161
    5     2000.00    0.117722     48.30   0.01079      1.45
          96         162          97         162          97         163
          98         161          98         163
    6     2000.00    0.089876     48.30   0.01040      1.45
          98         162          99         161          99         162
         100         161         100         162         101         161
