           6
    4     1072.80    1.000000      0.10   0.01400      0.10
          78         166          78         167          78         169
          79         170
    6     2000.00    1.000000      0.10   0.01361      0.10
          78         165          78         168          79         169
          80         170          81         170          82         169
   12     2000.00    0.067513      5.70   0.01289      0.35
          79         165          79         166          79         167
          79         168          80         168          80         169
          81         167          81         168          81         169
          82         168          83         169          84         169
   11     2000.00    0.058547      4.70   0.01217      0.31
          80         165          80         166          80         167
          81         164          81         166          82         166
          82         167          83         167          83         168
          84         167          84         168
    7     2000.00    0.075562      7.11   0.01144      0.40
          81         165          82         164          82         165
          83         165          83         166          84         165
          84         166
    3     2000.00    0.046076     16.40   0.01072      0.68
          83         162          83         163          83         164
