          14
    1     1613.20    1.000000      0.10   0.01400      0.10
         152         143
    0     2000.00    1.000000      0.10   0.01377      0.10
 
    1     2000.00    1.000000      0.10   0.01348      0.10
         153         142
    1     2000.00    1.000000      0.10   0.01319      0.10
         153         143
    7     2000.00    0.006519    324.60   0.01290      5.18
         152         144         153         144         154         142
         154         144         155         141         156         140
         156         141
    9     2000.00    0.011401    162.58   0.01261      2.89
         153         145         154         143         154         145
         155         142         155         143         155         144
         156         142         157         141         157         142
    8     2000.00    0.023017     57.39   0.01232      1.09
         155         145         156         143         156         144
         156         145         157         143         157         144
         158         142         158         143
    8     2000.00    0.012004    165.86   0.01203      2.79
         156         146         157         145         157         146
         158         144         158         145         159         144
         159         145         160         145
    6     2000.00    0.012525     69.03   0.01174      1.29
         157         147         158         146         158         147
         159         146         159         147         160         146
    5     2000.00    0.006180    204.31   0.01145      3.51
         158         148         159         148         160         147
         160         148         161         148
    3     2000.00    0.008507    325.28   0.01116      5.19
         160         149         161         149         161         150
    3     2000.00    0.007029    242.30   0.01087      4.21
         160         151         161         151         162         152
    2     2000.00    0.007097    325.28   0.01058      5.19
         161         152         161         153
    3     2000.00    0.008489    270.09   0.01029      4.54
         161         154         162         154         162         155
