          31
    1     1862.16    1.000000      0.10   0.01400      0.10
         109         122
    3     2000.00    1.000000      0.10   0.01388      0.10
         109         123         110         121         110         122
   10     2000.00    1.000000      0.10   0.01375      0.10
         108         123         109         124         109         125
         110         123         110         124         110         125
         110         126         111         121         111         122
         111         123
   15     2000.00    0.137593      4.14   0.01362      0.28
         108         124         109         126         111         124
         111         125         111         126         112         121
         112         122         112         123         112         124
         112         125         112         126         113         121
         113         122         113         123         114         121
   14     2000.00    0.073267      5.36   0.01349      0.33
         113         124         113         125         113         126
         113         127         114         122         114         123
         114         124         114         125         114         126
         114         127         114         128         115         122
         115         123         115         124
   15     2000.00    0.084644      7.37   0.01336      0.41
         115         125         115         126         115         127
         115         128         116         123         116         124
         116         125         116         126         116         127
         116         128         117         123         117         124
         117         125         117         128         117         129
   15     2000.00    0.071323      8.48   0.01323      0.45
         113         128         114         129         117         126
         117         127         118         123         118         124
         118         125         118         126         118         127
         118         128         118         129         119         123
         119         124         119         128         120         123
   13     2000.00    0.060427      9.51   0.01310      0.49
         119         125         119         126         119         127
         119         129         120         124         120         125
         120         126         120         127         120         128
         121         123         121         124         121         127
         122         122
   14     2000.00    0.044338     10.66   0.01297      0.51
         116         129         121         125         121         126
         121         128         122         123         122         124
         122         125         122         126         122         127
         123         122         123         123         123         127
         124         121         124         127
   11     2000.00    0.056722     10.91   0.01285      0.51
         123         124         123         125         123         126
         124         122         124         123         124         124
         124         125         124         126         125         121
         125         127         126         127
   11     2000.00    0.064985     21.14   0.01272      0.84
         125         122         125         123         125         124
         125         125         125         126         126         120
         126         121         126         124         126         125
         126         126         127         126
   12     2000.00    0.052596     11.63   0.01259      0.53
         126         122         126         123         127         120
         127         121         127         122         127         123
         127         124         127         125         128         121
         128         124         128         125         128         126
   13     2000.00    0.032990      9.96   0.01246      0.47
         127         127         128         122         128         123
         129         121         129         122         129         123
         129         124         129         125         129         126
         130         121         130         124         130         125
         131         125
   18     2000.00    0.040613      9.76   0.01233      0.48
         127         128         127         129         128         127
         128         128         128         129         128         130
         129         129         129         130         130         122
         130         123         130         126         130         131
         131         122         131         123         131         124
         131         131         132         124         132         125
   23     2000.00    0.047050     11.41   0.01220      0.52
         129         127         129         128         129         131
         130         127         130         128         130         129
         130         130         131         126         131         127
         131         128         131         129         131         130
         132         122         132         123         132         126
         132         130         132         131         133         122
         133         123         133         124         133         130
         133         131         134         124
   14     2000.00    0.028532     12.38   0.01207      0.54
         132         127         132         128         132         129
         133         125         133         126         133         127
         133         129         134         122         134         123
         134         129         134         130         135         123
         135         124         135         129
   13     2000.00    0.029284     16.02   0.01194      0.68
         133         128         134         125         134         126
         134         127         134         128         134         131
         135         125         135         126         135         128
         136         122         136         123         136         124
         137         123
   13     2000.00    0.030421     15.29   0.01181      0.65
         135         127         135         130         135         132
         136         125         136         126         136         127
         136         128         136         129         137         124
         137         128         138         123         138         124
         139         123
   23     2000.00    0.039792     17.70   0.01168      0.74
         134         132         135         131         135         133
         135         134         136         130         136         131
         136         132         137         125         137         126
         137         127         137         129         137         132
         138         125         138         126         138         127
         138         128         139         124         139         125
         139         127         139         128         140         123
         140         124         140         128
   22     2000.00    0.025539     16.63   0.01155      0.71
         134         133         136         133         136         134
         136         135         137         130         137         131
         137         134         137         135         138         129
         138         130         138         131         138         132
         139         126         139         129         139         131
         140         125         140         126         140         127
         141         124         141         125         141         128
         142         124
   23     2000.00    0.028482     17.34   0.01142      0.69
         137         133         137         136         138         133
         138         134         138         135         138         136
         138         137         138         138         139         130
         139         132         139         137         139         138
         140         129         140         130         140         131
         140         132         141         126         141         127
         142         125         142         126         142         127
         142         128         143         125
   25     2000.00    0.023423     10.57   0.01129      0.48
         139         133         139         134         139         135
         139         136         140         133         140         135
         140         136         140         137         140         138
         141         129         141         130         141         131
         141         132         141         138         142         129
         142         130         142         131         142         132
         143         126         143         127         143         128
         144         125         144         126         144         127
         145         126
   22     2000.00    0.019665     11.58   0.01116      0.53
         137         137         140         134         141         133
         141         134         141         135         141         136
         141         137         141         139         142         136
         142         137         142         138         142         139
         143         129         143         130         143         131
         143         132         144         128         144         129
         144         130         145         127         145         128
         145         129
   20     2000.00    0.014584     15.72   0.01103      0.65
         140         139         142         133         142         134
         142         135         143         133         143         134
         143         137         143         138         143         139
         144         131         144         132         144         133
         144         138         145         130         145         131
         146         128         146         129         146         130
         146         131         147         129
   25     2000.00    0.009345     26.40   0.01091      0.87
         141         140         142         140         143         135
         143         136         144         134         144         135
         144         136         144         137         144         139
         145         132         145         133         145         134
         145         137         145         138         145         139
         146         132         146         133         147         130
         147         131         147         132         147         141
         148         130         148         131         148         141
         149         130
   29     2000.00    0.010937     16.88   0.01078      0.64
         145         135         145         136         145         140
         146         134         146         135         146         136
         146         137         146         138         146         139
         146         140         147         133         147         134
         147         138         147         139         147         140
         148         132         148         133         148         134
         148         140         149         131         149         132
         149         141         149         142         149         143
         150         131         150         142         150         143
         151         131         151         143
   27     2000.00    0.008375     12.53   0.01065      0.56
         147         135         147         136         147         137
         148         135         148         136         148         137
         148         138         148         139         148         142
         149         133         149         134         149         135
         149         138         149         139         149         140
         150         132         150         133         150         134
         150         140         150         141         150         144
         151         132         151         133         151         141
         151         142         152         141         152         142
   15     2000.00    0.010569     13.52   0.01052      0.58
         149         136         149         137         150         135
         150         136         150         137         150         138
         150         139         151         134         151         135
         151         139         151         140         152         133
         152         134         152         140         153         134
   14     2000.00    0.009213     18.51   0.01039      0.69
         146         141         148         143         151         136
         151         137         151         138         152         135
         152         136         152         137         152         138
         152         139         153         135         153         136
         153         141         154         135
    7     2000.00    0.033861     51.40   0.01026      1.31
         149         144         153         137         153         138
         153         139         153         140         154         136
         154         137
    5     2000.00    0.006124     46.64   0.01013      1.42
         154         138         154         139         154         140
         154         141         155         140
