          22
    5     1819.42    1.000000      0.10   0.01400      0.10
         160         117         161         115         162         113
         162         114         163         112
    4     2000.00    1.000000      0.10   0.01383      0.10
         160         116         160         120         163         113
         170         117
   15     2000.00    0.081245      6.73   0.01365      0.39
         161         116         161         118         162         115
         162         116         163         114         163         115
         164         114         167         116         168         115
         168         116         168         117         168         118
         169         117         169         118         170         118
   24     2000.00    0.117789      5.49   0.01347      0.34
         158         122         160         121         160         125
         161         117         161         125         162         117
         162         118         163         116         163         117
         164         115         164         116         165         116
         165         117         166         116         166         117
         167         117         167         118         167         119
         168         119         169         119         170         119
         171         119         171         120         171         121
   23     2000.00    0.140000      5.57   0.01329      0.34
         159         122         159         123         160         124
         161         119         161         120         162         119
         162         120         163         118         163         119
         164         117         164         118         165         118
         165         119         166         118         166         119
         166         120         167         120         168         120
         169         120         169         121         170         120
         170         121         170         122
   20     2000.00    0.105055      7.09   0.01310      0.40
         160         122         160         123         161         121
         161         122         161         123         161         124
         162         121         162         124         162         125
         163         120         164         119         164         120
         164         121         165         120         165         121
         166         121         167         121         168         121
         168         122         169         122
   18     2000.00    0.104241      8.28   0.01292      0.44
         159         124         162         122         162         123
         163         121         163         122         163         123
         163         124         163         125         163         126
         164         122         165         122         166         122
         167         122         167         123         169         123
         170         123         170         124         171         125
   17     2000.00    0.115488      9.52   0.01274      0.47
         158         123         162         126         164         123
         164         124         164         125         164         126
         165         123         165         124         166         123
         166         124         167         124         168         123
         168         124         168         125         169         124
         169         125         170         125
   19     2000.00    0.291748      8.64   0.01256      0.44
         163         127         163         128         164         127
         164         128         164         129         165         125
         165         126         165         127         166         125
         167         125         167         126         168         126
         169         126         169         127         170         126
         170         127         171         126         171         127
         172         127
   17     2000.00    0.157834      8.95   0.01237      0.45
         165         128         165         129         166         126
         166         127         166         128         167         127
         168         127         169         128         170         128
         170         129         171         128         171         129
         172         128         172         129         172         130
         173         128         174         129
   23     2000.00    0.090844     12.91   0.01219      0.58
         159         125         160         126         162         127
         163         129         164         130         165         130
         165         131         166         129         166         130
         167         128         167         129         168         128
         168         129         169         129         169         130
         170         130         171         130         173         129
         173         130         174         130         175         130
         175         132         175         133
   24     2000.00    0.058777     13.34   0.01201      0.59
         162         128         165         132         166         131
         166         132         166         133         167         130
         167         131         168         130         168         131
         169         131         170         131         171         131
         172         131         172         132         173         131
         173         132         174         131         174         132
         174         133         174         134         175         134
         175         135         175         136         176         136
   30     2000.00    0.044719     14.19   0.01183      0.60
         159         126         164         131         166         142
         167         132         167         133         167         134
         168         132         168         133         168         134
         169         132         169         133         169         143
         170         132         170         133         171         132
         171         133         171         138         171         139
         172         133         172         134         172         138
         173         133         173         134         173         135
         173         136         173         137         173         138
         174         135         174         136         174         137
   28     2000.00    0.041823      9.01   0.01164      0.44
         161         126         164         132         165         140
         165         141         166         140         166         141
         167         141         168         135         168         141
         168         142         169         134         169         135
         169         141         169         142         170         134
         170         135         170         138         170         139
         170         140         170         141         170         142
         171         134         171         135         171         136
         171         137         172         135         172         136
         172         137
   18     2000.00    0.037668     12.42   0.01146      0.54
         158         127         164         139         165         133
         165         139         166         134         166         139
         167         135         167         139         167         140
         168         136         168         140         169         136
         169         137         169         138         169         139
         169         140         170         136         170         137
   17     2000.00    0.031793     15.08   0.01128      0.63
         159         127         159         128         160         127
         161         127         162         129         163         130
         163         131         164         133         164         134
         165         134         166         135         167         136
         167         137         167         138         168         137
         168         138         168         139
   18     2000.00    0.038056     10.39   0.01110      0.48
         159         129         160         128         160         129
         161         128         161         129         162         130
         162         131         163         132         163         138
         164         135         164         138         165         135
         165         136         165         137         165         138
         166         136         166         137         166         138
   13     2000.00    0.044029     17.40   0.01091      0.67
         159         130         159         131         160         130
         160         131         161         130         161         131
         162         132         162         137         163         133
         163         134         163         137         164         136
         164         137
   12     2000.00    0.043146     15.65   0.01073      0.63
         159         132         160         132         160         133
         161         132         161         133         161         136
         162         133         162         134         162         135
         162         136         163         135         163         136
    3     2000.00    0.023537     22.10   0.01055      0.82
         160         134         161         134         161         135
    3     2000.00    0.015604     38.44   0.01037      1.25
         158         135         158         136         159         135
    3     2000.00    0.013271     38.44   0.01018      1.25
         156         137         157         136         157         137
