          15
    4      847.31    0.015744     17.07   0.01400      0.73
         149         116         150         116         154         119
         155         119
    5     2000.00    0.021621     17.07   0.01388      0.73
         148         117         149         117         151         116
         153         118         153         119
    9     2000.00    0.024954      6.81   0.01361      0.39
         147         118         148         118         150         117
         151         117         151         118         152         117
         152         118         152         119         156         121
   16     2000.00    0.028665      7.82   0.01333      0.42
         141         123         142         123         144         120
         145         120         146         119         147         119
         149         118         150         118         150         119
         151         119         151         120         152         120
         153         120         154         120         155         120
         155         121
   18     2000.00    0.015530      6.96   0.01305      0.39
         143         123         143         124         144         121
         144         124         145         121         146         120
         147         120         148         119         148         120
         149         119         149         120         149         121
         150         120         150         121         153         121
         154         121         154         122         158         124
   22     2000.00    0.020099     52.62   0.01277      1.08
         144         122         144         123         145         122
         145         124         145         125         146         121
         146         122         147         121         147         122
         148         121         148         122         151         121
         152         121         152         122         153         122
         154         123         155         122         157         123
         157         124         157         125         158         125
         158         126
   22     2000.00    0.030950     56.22   0.01250      1.13
         145         123         146         123         146         124
         146         125         146         126         147         123
         148         123         149         122         149         123
         150         122         150         123         151         122
         151         123         152         123         152         124
         153         123         153         124         155         123
         156         122         156         123         156         124
         156         125
   18     2000.00    0.033368     39.76   0.01222      0.88
         146         127         147         124         147         125
         147         126         147         127         147         128
         148         124         148         125         149         124
         150         124         151         124         151         125
         152         125         154         124         154         125
         155         124         155         125         157         126
   20     2000.00    0.021996     43.92   0.01194      0.94
         148         126         148         127         148         128
         148         129         149         125         149         126
         149         127         150         125         150         126
         151         126         152         126         153         125
         153         126         154         126         154         127
         155         126         156         126         156         127
         157         127         158         128
   15     2000.00    0.022310     66.08   0.01166      1.27
         149         128         149         129         150         127
         150         128         150         129         151         127
         152         127         153         127         153         128
         154         128         155         127         155         128
         156         128         157         128         157         129
   12     2000.00    0.014102    134.87   0.01139      2.30
         150         130         151         128         151         129
         151         130         152         128         152         129
         153         129         154         129         155         129
         155         130         156         129         158         129
   16     2000.00    0.013723     65.56   0.01111      1.24
         152         130         152         131         152         132
         153         130         153         131         154         130
         154         131         156         130         156         131
         157         130         157         131         158         130
         158         131         158         132         159         133
         159         134
   12     2000.00    0.006704    158.19   0.01083      2.70
         153         132         153         133         154         132
         154         133         155         131         155         132
         156         132         157         132         157         133
         157         134         158         133         158         134
    6     2000.00    0.010826    208.73   0.01055      3.46
         154         134         155         133         155         134
         156         133         156         134         157         135
    5     2000.00    0.014827    310.92   0.01028      5.03
         155         135         155         136         155         137
         156         135         156         136
