           6
    2     1515.02    0.039857      5.83   0.01400      0.36
         130         115         130         116
    4     2000.00    1.000000      0.10   0.01347      0.10
         131         116         132         116         132         117
         132         118
    4     2000.00    0.033500      8.03   0.01278      0.44
         133         116         133         117         133         118
         134         117
    5     2000.00    0.024281      8.03   0.01208      0.44
         134         118         135         117         135         118
         135         119         136         117
    5     2000.00    0.014897      8.03   0.01139      0.44
         136         118         136         119         137         117
         137         118         137         119
    4     2000.00    0.012136      8.03   0.01069      0.44
         138         118         138         119         138         120
         139         119
