          18
    1      296.80    1.000000      0.10   0.01400      0.10
         106         115
    0     2000.00    1.000000      0.10   0.01397      0.10
 
    0     2000.00    1.000000      0.10   0.01373      0.10
 
    0     2000.00    1.000000      0.10   0.01350      0.10
 
    1     2000.00    1.000000      0.10   0.01327      0.10
         107         114
    0     2000.00    1.000000      0.10   0.01303      0.10
 
    0     2000.00    1.000000      0.10   0.01280      0.10
 
    1     2000.00    1.000000      0.10   0.01257      0.10
         104         116
    0     2000.00    1.000000      0.10   0.01233      0.10
 
    0     2000.00    1.000000      0.10   0.01210      0.10
 
    0     2000.00    1.000000      0.10   0.01187      0.10
 
    0     2000.00    1.000000      0.10   0.01163      0.10
 
    1     2000.00    1.000000      0.10   0.01140      0.10
         105         116
    2     2000.00    1.000000      0.10   0.01117      0.10
         105         117         109         115
   13     2000.00    0.059289      4.65   0.01093      0.31
         105         118         106         116         106         117
         106         118         106         119         107         115
         107         116         107         117         107         118
         107         119         108         115         108         118
         110         115
    6     2000.00    0.087881      4.65   0.01070      0.31
         108         116         108         117         109         116
         109         117         110         116         111         114
    9     2000.00    0.075210      7.33   0.01047      0.41
         110         117         111         115         111         116
         111         117         112         114         112         115
         112         116         113         114         113         115
    4     2000.00    0.050700      8.16   0.01023      0.44
         112         117         113         116         113         117
         114         117
