           4
    3      402.50    1.000000      0.10   0.01400      0.10
         107         120         107         121         108         122
    8     2000.00    0.085767      7.46   0.01375      0.42
         106         120         108         119         108         120
         108         121         109         118         109         119
         109         120         109         121
    8     2000.00    0.095530      7.46   0.01250      0.42
         106         121         107         122         110         118
         110         119         110         120         111         118
         111         119         111         120
    6     2000.00    0.046298      7.46   0.01125      0.42
         112         118         112         119         112         120
         113         118         113         119         113         120
