           5
    1     1051.20    1.000000      0.10   0.01400      0.10
         115         120
    3     2000.00    1.000000      0.10   0.01354      0.10
         115         121         116         120         116         121
    7     2000.00    0.069704      6.88   0.01265      0.40
         116         122         117         120         117         121
         117         122         118         120         118         121
         118         122
    6     2000.00    0.071187      6.88   0.01177      0.40
         119         120         119         121         119         122
         120         121         120         122         121         122
    4     2000.00    0.041719      6.88   0.01088      0.40
         120         120         121         120         121         121
         122         120
