           4
    3     1490.50    1.000000      0.10   0.01400      0.10
         121         117         121         118         122         121
    3     2000.00    1.000000      0.10   0.01320      0.10
         122         117         122         118         123         121
    7     2000.00    0.129521     21.71   0.01214      0.85
         123         118         123         119         123         120
         124         118         124         119         124         120
         125         120
    4     2000.00    0.036016     21.71   0.01107      0.85
         125         118         125         119         126         118
         126         119
