          21
    1     1014.30    1.000000      0.10   0.01400      0.10
         111         112
    1     2000.00    1.000000      0.10   0.01390      0.10
         112         109
    0     2000.00    1.000000      0.10   0.01371      0.10
 
    0     2000.00    1.000000      0.10   0.01351      0.10
 
    0     2000.00    1.000000      0.10   0.01332      0.10
 
    0     2000.00    1.000000      0.10   0.01312      0.10
 
    0     2000.00    1.000000      0.10   0.01293      0.10
 
    2     2000.00    1.000000      0.10   0.01273      0.10
         112         111         114         109
    1     2000.00    1.000000      0.10   0.01254      0.10
         113         109
    0     2000.00    1.000000      0.10   0.01234      0.10
 
    4     2000.00    1.000000      0.10   0.01215      0.10
         112         110         115         108         116         107
         117         107
    3     2000.00    1.000000      0.10   0.01195      0.10
         111         113         112         112         118         107
    4     2000.00    1.000000      0.10   0.01176      0.10
         112         113         113         113         119         107
         120         107
   10     2000.00    0.048258      3.87   0.01156      0.27
         113         110         113         111         113         112
         114         110         114         111         114         112
         114         113         114         114         115         109
         116         108
   17     2000.00    0.095941      6.42   0.01137      0.38
         115         110         115         111         115         112
         115         113         115         114         116         109
         116         110         116         111         116         112
         116         113         116         114         117         108
         117         109         117         110         118         108
         118         109         119         108
   16     2000.00    0.082855      6.09   0.01117      0.36
         117         111         117         112         117         113
         117         114         118         110         118         111
         118         112         118         113         118         114
         118         115         119         109         119         110
         119         115         120         108         120         109
         121         109
   14     2000.00    0.072812      6.63   0.01098      0.38
         119         111         119         112         119         113
         119         114         120         110         120         111
         120         112         120         113         120         114
         120         115         121         110         121         111
         121         116         122         111
    7     2000.00    0.071205     10.35   0.01078      0.51
         121         112         121         113         121         114
         121         115         122         112         122         116
         123         111
   12     2000.00    0.048886     13.23   0.01059      0.61
         122         113         122         114         122         115
         123         112         123         113         123         114
         123         115         123         116         124         112
         124         113         125         112         125         113
    7     2000.00    0.054258      7.87   0.01039      0.42
         123         117         124         114         124         115
         124         116         124         117         125         114
         125         115
    4     2000.00    0.046975     18.08   0.01020      0.76
         125         116         125         117         126         116
         126         117
