          10
    1       30.47    1.000000      0.10   0.01400      0.10
         126         113
    3     2000.00    1.000000      0.10   0.01399      0.10
         126         114         126         115         127         113
    8     2000.00    0.032984     13.77   0.01355      0.60
         127         114         127         115         127         116
         127         118         127         119         128         114
         128         115         129         114
    8     2000.00    0.035255     18.27   0.01311      0.72
         127         117         128         116         128         117
         128         118         128         119         129         115
         129         116         129         117
    8     2000.00    0.031426     18.32   0.01266      0.72
         128         120         129         118         129         119
         129         120         130         117         130         118
         130         119         131         117
    6     2000.00    0.033086     14.04   0.01222      0.58
         130         120         131         118         131         119
         131         120         131         121         132         119
    6     2000.00    0.036814     18.14   0.01177      0.69
         132         120         132         121         133         119
         133         120         133         121         134         119
    4     2000.00    0.032221     23.18   0.01133      0.84
         134         120         134         121         135         120
         135         121
    5     2000.00    0.014366     23.78   0.01089      0.86
         135         122         136         120         136         121
         137         120         137         121
    2     2000.00    0.013846     18.47   0.01044      0.69
         138         121         139         120
