           6
    1      341.00    1.000000      0.10   0.01400      0.10
         114         115
    5     2000.00    1.000000      0.10   0.01387      0.10
         114         116         114         119         114         120
         115         115         115         119
   10     2000.00    0.149730     11.75   0.01309      0.56
         114         118         115         116         115         117
         115         118         116         115         116         116
         116         117         116         119         117         115
         117         116
   10     2000.00    0.120479     11.86   0.01232      0.56
         116         118         117         117         117         118
         117         119         118         116         118         117
         118         118         118         119         119         116
         120         116
    5     2000.00    0.095196      8.20   0.01155      0.43
         119         117         119         118         119         119
         120         117         120         118
    3     2000.00    0.054098     17.31   0.01077      0.73
         120         119         121         119         122         119
