           4
    1      889.93    0.015926     25.44   0.01400      0.95
         137         122
    5     2000.00    0.009636     20.92   0.01348      0.79
         138         122         139         121         139         122
         140         119         140         121
    5     2000.00    0.009843     26.99   0.01232      0.95
         140         120         140         122         141         120
         141         121         141         122
    2     2000.00    0.005500     36.47   0.01116      1.21
         142         122         143         122
