          17
    1     1359.12    1.000000      0.10   0.01400      0.10
         152          98
    3     2000.00    1.000000      0.10   0.01384      0.10
         152          99         153          98         154          98
    8     2000.00    0.146613      4.18   0.01360      0.28
         151         101         152         100         153          99
         153         100         154          99         154         100
         155          99         155         100
   13     2000.00    0.107653      5.46   0.01336      0.33
         148         103         149         102         152         101
         153         101         153         102         154         101
         154         102         155         101         155         102
         156         102         162         109         163         109
         163         110
   30     2000.00    0.132402      7.39   0.01312      0.41
         146         104         151         102         151         103
         152         102         152         103         153         103
         153         104         154         103         154         104
         155         103         155         104         156         103
         156         104         157         104         158         105
         159         106         159         107         160         106
         160         107         160         108         160         109
         160         110         161         107         161         108
         161         109         161         110         161         111
         162         110         162         111         163         111
   32     2000.00    0.077312      6.78   0.01288      0.39
         147         104         149         103         150         102
         150         103         150         104         151         104
         151         105         152         104         152         105
         153         105         154         105         154         106
         155         105         156         105         156         106
         157         105         157         106         157         107
         158         106         158         107         158         108
         158         109         158         110         159         108
         159         109         159         110         159         111
         159         112         160         111         160         112
         161         112         162         112
   45     2000.00    0.056201      9.23   0.01264      0.47
         144         105         145         105         146         105
         147         105         148         104         148         105
         149         104         149         105         150         105
         150         106         151         106         152         106
         152         107         153         106         153         107
         154         107         155         106         155         107
         155         108         156         107         156         108
         156         109         157         108         157         109
         157         110         157         111         157         112
         158         111         158         112         158         120
         158         121         159         113         159         115
         159         116         159         117         159         118
         159         119         159         120         160         113
         160         114         160         115         160         118
         160         119         161         113         161         114
   41     2000.00    0.038774      9.10   0.01240      0.46
         143         107         144         106         145         106
         146         106         147         106         147         107
         148         106         148         107         149         106
         149         107         150         107         151         107
         151         108         152         108         152         109
         153         108         153         109         154         108
         154         109         155         109         155         110
         155         111         156         110         156         111
         156         112         156         119         157         113
         157         117         157         118         157         119
         157         120         157         121         158         113
         158         114         158         115         158         116
         158         117         158         118         158         119
         159         114         159         121
   37     2000.00    0.038359      9.64   0.01216      0.47
         142         108         142         109         143         108
         144         107         144         108         145         107
         145         108         146         107         146         108
         147         108         148         108         148         109
         149         108         149         109         150         108
         150         109         150         110         151         109
         151         110         151         111         152         110
         153         110         153         111         154         110
         154         111         154         112         155         112
         155         113         156         113         156         114
         156         115         156         116         156         117
         156         118         157         114         157         115
         157         116
   31     2000.00    0.024930      9.16   0.01192      0.47
         131         114         131         115         132         114
         142         110         143         109         143         110
         144         109         145         109         146         109
         146         110         147         109         147         110
         148         110         149         110         149         111
         150         111         150         112         151         112
         152         111         152         112         153         112
         154         113         154         114         154         115
         154         116         154         117         155         114
         155         115         155         116         155         117
         155         118
   31     2000.00    0.018430     10.12   0.01168      0.50
         132         115         133         114         133         115
         134         113         140         112         141         111
         141         112         142         111         143         111
         144         110         144         111         145         110
         145         111         146         111         146         112
         147         111         147         112         148         111
         148         112         148         113         149         112
         149         113         150         113         151         113
         152         113         152         114         153         113
         153         114         153         115         153         116
         156         120
   28     2000.00    0.021212      9.29   0.01144      0.47
         134         114         134         115         134         116
         135         113         135         114         135         115
         135         116         136         114         139         113
         140         113         141         113         142         112
         142         113         142         114         143         112
         144         112         144         113         145         112
         145         113         146         113         147         113
         147         114         148         114         149         114
         150         114         151         114         151         115
         152         115
   25     2000.00    0.013623     31.59   0.01120      0.88
         136         115         136         116         137         115
         137         116         138         114         138         115
         139         114         140         114         141         114
         141         115         142         115         143         113
         143         114         144         114         145         114
         145         115         146         114         146         115
         147         115         148         115         149         115
         150         115         152         116         153         117
         154         118
   16     2000.00    0.012772     58.50   0.01096      1.25
         138         116         138         117         139         115
         139         116         140         115         140         116
         141         116         142         116         143         115
         143         116         144         115         144         116
         145         116         146         116         147         116
         148         116
   17     2000.00    0.013764     80.97   0.01072      1.65
         139         117         139         118         140         117
         140         118         141         117         142         117
         142         118         143         117         143         118
         144         117         144         118         145         117
         145         118         146         117         146         118
         147         117         157         122
    6     2000.00    0.009846    110.29   0.01048      2.10
         141         118         141         119         142         119
         143         119         144         119         145         119
    4     2000.00    0.006400    165.79   0.01024      3.01
         142         120         142         121         143         120
         143         121
