          27
    1      830.69    1.000000      0.10   0.01400      0.10
         144          83
    0     2000.00    1.000000      0.10   0.01394      0.10
 
    0     2000.00    1.000000      0.10   0.01379      0.10
 
    0     2000.00    1.000000      0.10   0.01363      0.10
 
    1     2000.00    1.000000      0.10   0.01348      0.10
         142          84
    2     2000.00    1.000000      0.10   0.01333      0.10
         140          85         141          85
    2     2000.00    1.000000      0.10   0.01318      0.10
         149          92         149          93
   28     2000.00    0.071037      4.49   0.01303      0.30
         139          86         139          87         142          85
         142          86         143          84         143          85
         144          84         144          85         145          84
         145          85         145          86         146          85
         146          86         146          87         147          86
         147          87         147          89         147          90
         147          93         148          87         148          88
         148          89         148          90         148          91
         148          92         148          93         149          91
         149          94
   23     2000.00    0.095018      4.98   0.01288      0.32
         140          86         140          87         141          86
         141          87         142          87         143          86
         143          87         144          86         144          87
         144          88         145          87         145          88
         145          92         146          88         146          89
         146          90         146          91         146          92
         146          93         147          88         147          91
         147          92         147          94
   14     2000.00    0.073501      6.11   0.01273      0.36
         139          88         140          88         141          88
         142          88         143          88         143          89
         144          89         144          90         144          91
         144          92         145          89         145          90
         145          91         148          94
   12     2000.00    0.081364     10.82   0.01257      0.54
         139          89         140          89         141          89
         141          90         142          89         142          90
         142          91         142          92         143          90
         143          91         143          92         143          93
   12     2000.00    0.060030     20.14   0.01242      0.81
         138          91         139          90         139          91
         140          90         140          91         141          91
         141          92         141          93         142          93
         145          93         146          94         150          95
    9     2000.00    0.032338     20.14   0.01227      0.81
         136          93         137          92         137          93
         138          92         139          92         140          92
         140          93         144          93         149          95
   15     2000.00    0.025991     20.14   0.01212      0.81
         137          94         137          95         138          93
         138          94         139          93         139          94
         140          94         141          94         142          94
         143          94         144          94         144          95
         145          94         151          96         152          97
   23     2000.00    0.088259     13.33   0.01197      0.60
         137          96         138          95         138          96
         139          95         139          96         140          95
         141          95         142          95         143          95
         143          96         144          96         145          95
         146          95         147          95         148          95
         148          96         149          96         149          97
         150          96         150          97         150          98
         151          97         151          98
   27     2000.00    0.090235      9.89   0.01182      0.49
         138          97         139          97         139          98
         139          99         140          96         140          97
         140          98         141          96         141          97
         142          96         142          97         142          98
         143          97         145          96         146          96
         146          97         147          96         147          97
         147          98         148          97         148          98
         148          99         149          98         149          99
         150          99         151          99         151         100
   24     2000.00    0.099265      9.76   0.01167      0.48
         138          98         138          99         139         100
         140          99         140         100         141          98
         141          99         141         100         142          99
         143          98         144          97         144          98
         145          97         145          98         145          99
         146          98         146          99         146         100
         147          99         147         100         148         100
         149         100         149         101         150         100
   16     2000.00    0.070044     11.01   0.01151      0.52
         138         100         141         101         142         100
         142         101         143          99         143         100
         144          99         144         100         145         100
         146         101         147         101         147         102
         147         103         148         101         148         102
         150         101
   10     2000.00    0.073127     14.49   0.01136      0.63
         142         102         143         101         143         102
         143         103         143         104         144         101
         145         101         145         102         146         102
         146         103
    4     2000.00    0.038930     20.40   0.01121      0.80
         144         102         144         103         145         103
         145         104
    3     2000.00    0.013912     30.63   0.01106      1.07
         142         106         143         105         144         104
    2     2000.00    0.019070     30.63   0.01091      1.07
         141         107         143         106
    2     2000.00    0.013562     30.63   0.01076      1.07
         141         108         142         107
    2     2000.00    0.016715     30.63   0.01061      1.07
         140         109         141         109
    5     2000.00    0.019570     30.63   0.01045      1.07
         139         110         139         111         140         110
         140         111         141         110
    4     2000.00    0.014053     30.63   0.01030      1.07
         137         112         138         111         138         112
         139         112
    3     2000.00    0.007746    109.00   0.01015      2.06
         137         113         137         114         138         113
