          29
    2      795.58    1.000000      0.10   0.01400      0.10
         114         104         144          82
    6     2000.00    1.000000      0.10   0.01394      0.10
         134          73         142          79         142          82
         143          80         143          82         143          83
   18     2000.00    0.090700      6.29   0.01380      0.37
         130          75         131          74         139          84
         139          85         140          79         140          80
         140          83         140          84         141          79
         141          80         141          81         141          82
         141          83         141          84         142          78
         142          80         142          81         142          83
   21     2000.00    0.149231      6.03   0.01366      0.36
         132          74         133          74         134          74
         135          74         136          74         137          74
         137          82         138          82         138          83
         138          84         139          80         139          81
         139          82         139          83         140          77
         140          78         140          81         140          82
         141          77         141          78         142          77
   23     2000.00    0.156437      7.95   0.01352      0.43
         114         101         129          76         135          75
         136          75         136          76         136          80
         136          81         136          82         137          75
         137          76         137          80         137          81
         137          83         138          76         138          77
         138          78         138          79         138          80
         138          81         139          76         139          77
         139          78         139          79
   15     2000.00    0.102280      9.79   0.01338      0.49
         116          99         131          75         131          76
         132          75         133          75         134          75
         135          76         135          79         135          82
         136          77         136          78         136          79
         137          77         137          78         137          79
   20     2000.00    0.075460      9.19   0.01324      0.46
         115         106         120          94         130          76
         130          77         131          77         132          76
         132          77         133          76         133          77
         133          81         133          82         134          76
         134          77         134          78         134          81
         134          82         135          77         135          78
         135          80         135          81
   15     2000.00    0.052090      8.08   0.01310      0.43
         116         100         127          78         128          77
         128          78         129          77         129          78
         130          78         132          78         133          78
         133          79         133          80         134          79
         134          80         135          83         138          85
   24     2000.00    0.032234     15.77   0.01296      0.67
         114         102         114         103         115         101
         115         107         118          98         119          92
         127          79         128          79         128          80
         129          79         129          80         130          79
         130          80         131          78         131          79
         131          80         131          81         131          82
         132          79         132          80         132          81
         132          82         134          83         136          83
   14     2000.00    0.028992     14.82   0.01282      0.65
         120          93         126          81         127          80
         127          81         128          81         129          81
         130          81         130          82         131          83
         133          83         134          84         135          84
         136          84         137          84
   19     2000.00    0.036127     13.81   0.01268      0.62
         115         105         120          90         126          82
         127          82         127          83         128          82
         128          83         129          82         129          83
         129          84         130          83         130          84
         131          84         132          83         132          84
         133          84         133          85         134          85
         138          86
   25     2000.00    0.052094     10.56   0.01254      0.51
         116         101         119          97         120          96
         121          94         121          95         125          84
         126          83         126          84         127          84
         128          84         128          85         130          85
         131          85         131          86         132          85
         132          86         133          86         135          85
         136          85         136          86         136          87
         137          85         137          86         137          87
         138          87
   47     2000.00    0.049184     10.07   0.01239      0.49
         115         102         115         103         115         104
         116         105         116         106         117          99
         117         100         117         106         118         106
         120          91         120          92         120         106
         121          90         121          91         121          92
         121          93         122          89         122          90
         122          93         122          94         122          95
         123          94         123          95         124          85
         124          86         124          95         125          85
         125          86         126          85         126          86
         127          85         127          86         128          86
         129          85         129          86         129          87
         130          86         130          87         131          87
         132          87         134          86         134          87
         134          88         135          86         135          87
         135          88         136          88
   49     2000.00    0.063230     22.93   0.01225      0.67
         116         102         116         103         116         104
         117         101         117         102         117         103
         117         104         117         105         118          99
         118         100         118         104         118         105
         119          99         119         105         119         106
         120         104         120         105         122          88
         122          91         122          92         123          88
         123          89         123          90         123          91
         123          92         123          93         124          87
         124          94         125          87         125          94
         125          95         125          96         126          87
         127          87         128          87         128          88
         129          88         130          88         131          88
         132          88         133          87         133          88
         134          89         135          89         136          89
         137          88         138          88         138          89
         138          90
   39     2000.00    0.067190     21.18   0.01211      0.62
         118         101         118         102         118         103
         119          98         119         100         119         101
         119         102         119         103         119         104
         120          98         120          99         120         100
         120         103         121         106         124          88
         124          89         124          90         124          91
         124          92         124          93         125          88
         125          89         125          92         125          93
         126          88         126          89         127          88
         127          89         128          89         129          89
         132          89         133          89         135          90
         136          90         136          91         136          92
         137          89         137          90         137          91
   44     2000.00    0.058026     24.74   0.01197      0.71
         120          97         120         101         120         102
         121          96         121          97         121          98
         121          99         121         100         121         101
         121         102         121         103         121         104
         121         105         121         107         122          96
         122          97         122         106         123          96
         124          96         125          90         125          91
         126          90         126          91         126          92
         126          93         126          94         126          95
         127          90         128          90         129          90
         130          89         130          90         131          89
         131          90         132          90         132          91
         133          90         133          91         134          90
         134          91         135          91         135          92
         135          93         136          94
   41     2000.00    0.034159     55.41   0.01183      1.20
         122          98         122          99         122         100
         122         101         122         102         122         103
         122         104         122         105         122         107
         123          97         123          98         123          99
         123         100         123         102         123         103
         123         104         123         105         123         106
         124          97         124          98         125          97
         126          96         126          97         127          91
         127          92         127          93         127          94
         127          95         127          96         128          91
         128          92         129          91         130          91
         131          91         131          92         132          92
         133          92         133          93         134          92
         134          93         135          94
   34     2000.00    0.047163     57.87   0.01169      1.20
         121         108         122         108         123         101
         123         107         123         108         124          99
         124         100         124         101         124         102
         124         103         124         104         124         105
         125          98         125          99         125         103
         125         104         126          98         127          97
         127          99         128          93         128          94
         128          95         128          97         129          92
         129          93         130          92         130          93
         131          93         132          93         132          94
         133          94         134          94         135          95
         136          95
   33     2000.00    0.044996     64.47   0.01155      1.33
         124         106         124         107         124         108
         125         100         125         101         125         102
         125         105         125         106         125         107
         126          99         126         100         126         101
         126         102         126         103         126         104
         127          98         127         100         128          96
         129          94         129          95         129          96
         129          97         130          94         130          95
         131          94         131          95         132          95
         133          95         134          95         134          96
         135          96         136          96         137          97
   27     2000.00    0.039841     34.06   0.01141      0.85
         122         109         122         110         126         105
         126         106         126         107         127         101
         127         102         127         103         127         106
         128          98         128          99         128         100
         128         101         128         102         129          98
         129         100         130          96         130          97
         131          96         132          96         133          96
         134          97         135          97         136          97
         136          98         137          98         137          99
   31     2000.00    0.036130     41.09   0.01127      0.94
         123         109         123         110         124         109
         125         108         127         104         127         105
         128         103         128         104         128         105
         129          99         129         101         129         102
         130          98         130          99         130         100
         130         101         130         102         131          97
         131          98         131          99         132          97
         132          98         133          97         133          98
         134          98         134          99         135          98
         135          99         136          99         137         100
         142         103
   33     2000.00    0.020328     64.60   0.01113      1.32
         124         110         124         111         125         109
         125         110         125         111         126         108
         127         107         127         108         128         106
         129         103         129         104         129         105
         130         103         131         100         131         101
         131         102         132          99         132         100
         133          99         133         100         134         100
         135         100         135         101         136         100
         136         101         137         101         139         101
         140         101         140         102         141         102
         141         103         142         104         142         105
   35     2000.00    0.035988     48.73   0.01099      1.08
         126         109         126         110         126         111
         126         112         127         109         127         110
         127         111         127         112         128         107
         128         108         129         106         129         107
         130         104         130         105         131         103
         131         104         132         101         132         102
         133         101         133         102         134         101
         134         102         135         102         136         102
         137         102         138         101         138         102
         139         102         139         103         139         104
         140         103         140         104         140         105
         141         104         141         105
   32     2000.00    0.032704     44.10   0.01085      0.97
         128         109         128         110         128         111
         128         112         129         108         129         109
         129         110         129         111         130         106
         130         107         130         108         131         105
         131         106         131         107         132         103
         132         104         132         105         133         103
         133         104         134         103         134         104
         135         103         136         103         137         103
         137         104         138         103         138         104
         138         105         139         105         139         106
         140         106         141         106
   28     2000.00    0.023386     49.91   0.01070      1.05
         128         113         129         112         129         113
         130         109         130         110         130         111
         130         112         130         113         131         108
         131         109         131         110         131         111
         132         106         132         107         132         108
         133         105         133         106         134         105
         135         104         135         105         136         104
         136         105         137         105         137         106
         138         106         138         107         139         107
         140         107
   23     2000.00    0.019555     26.92   0.01056      0.70
         130         114         131         112         131         113
         132         109         132         110         132         111
         132         113         133         107         133         108
         133         109         134         106         134         107
         134         108         135         106         135         107
         136         106         136         107         137         107
         137         108         138         108         138         109
         139         108         140         108
   13     2000.00    0.020616     64.58   0.01042      1.31
         132         112         133         110         133         111
         133         112         133         113         134         109
         134         110         135         108         135         109
         136         108         136         109         137         109
         139         109
    9     2000.00    0.010270    103.05   0.01028      1.91
         134         111         134         112         135         110
         135         111         136         110         136         111
         137         110         137         111         138         110
    3     2000.00    0.006878    100.63   0.01014      1.82
         135         112         136         112         136         113
