          17
    3     1539.20    1.000000      0.10   0.01400      0.10
         104          71         104          72         105          70
    1     2000.00    1.000000      0.10   0.01382      0.10
         106          78
    3     2000.00    0.055280      7.44   0.01358      0.42
         105          72         105          73         105          76
    5     2000.00    0.057030      7.44   0.01334      0.42
         105          74         105          75         106          74
         106          77         107          79
    6     2000.00    0.014700      7.44   0.01310      0.42
         106          75         106          76         107          74
         107          75         108          73         108          74
    9     2000.00    0.041403      6.52   0.01286      0.38
         107          76         107          77         107          78
         108          75         108          76         109          73
         109          74         109          75         110          73
   13     2000.00    0.072569      6.52   0.01262      0.38
         108          77         108          78         108          79
         109          76         109          77         109          78
         109          79         109          80         110          74
         110          75         110          76         110          77
         111          74
   12     2000.00    0.066510      6.15   0.01239      0.37
         109          81         110          78         110          79
         110          80         110          81         111          75
         111          76         111          77         111          78
         111          79         112          76         112          78
   16     2000.00    0.066309      8.75   0.01215      0.46
         111          80         111          81         112          77
         112          79         112          80         112          81
         112          82         113          76         113          77
         113          78         113          79         113          80
         114          76         114          78         114          79
         127          76
   14     2000.00    0.068165      9.23   0.01191      0.47
         113          81         113          82         114          77
         114          80         114          81         114          82
         114          83         115          77         115          78
         115          79         115          80         115          83
         115          84         116          83
   16     2000.00    0.058931     11.50   0.01167      0.55
         115          81         115          82         116          77
         116          78         116          79         116          80
         116          81         116          82         117          77
         117          78         121          77         122          77
         123          77         124          77         125          77
         127          77
   21     2000.00    0.068452     28.75   0.01143      0.92
         117          79         117          80         117          81
         117          82         117          83         117          84
         118          78         118          79         118          80
         118          81         118          82         119          78
         120          77         120          78         121          78
         122          78         123          78         124          78
         125          78         126          77         126          78
   16     2000.00    0.035746     28.86   0.01119      0.87
         118          83         118          84         119          79
         119          80         119          81         119          82
         119          83         120          79         121          79
         122          79         123          79         124          79
         124          80         125          79         126          79
         126          80
   17     2000.00    0.027310     50.08   0.01095      1.30
         118          85         118          86         119          84
         119          85         120          80         120          81
         120          82         120          83         121          80
         121          81         122          80         122          81
         123          80         123          81         124          81
         125          80         125          81
   15     2000.00    0.030297     17.52   0.01072      0.58
         119          86         120          84         120          85
         120          86         121          82         121          83
         121          84         122          82         122          83
         123          82         123          83         124          82
         124          83         125          82         125          83
    6     2000.00    0.015694     50.44   0.01048      1.30
         121          85         121          86         122          84
         122          85         123          84         124          84
    5     2000.00    0.016013    135.79   0.01024      2.83
         122          86         122          87         123          85
         123          86         123          87
