          10
    1       19.80    1.000000      0.10   0.01400      0.10
         129          66
    4     2000.00    1.000000      0.10   0.01400      0.10
         125          67         126          66         127          66
         128          66
   17     2000.00    0.076712      6.05   0.01355      0.36
         124          68         124          69         126          67
         127          67         128          67         129          67
         130          68         130          69         131          69
         131          70         132          70         132          71
         132          72         132          73         133          71
         133          72         133          73
   21     2000.00    0.073283      5.09   0.01311      0.32
         125          68         125          69         125          70
         126          68         126          69         127          68
         127          69         128          68         128          69
         129          68         129          69         129          70
         129          72         130          70         130          71
         130          72         130          73         130          74
         131          71         131          72         131          73
   14     2000.00    0.075830      5.61   0.01266      0.35
         126          70         126          71         127          70
         127          71         128          70         128          71
         128          72         128          73         128          74
         128          75         129          71         129          73
         129          74         129          75
   11     2000.00    0.048472      8.04   0.01222      0.44
         121          71         123          70         124          70
         125          71         125          72         126          72
         126          73         127          72         127          73
         127          74         127          75
   16     2000.00    0.036410      8.43   0.01178      0.43
         121          72         122          71         122          72
         123          71         123          72         123          73
         124          71         124          72         124          73
         125          73         125          74         125          75
         125          76         126          74         126          75
         126          76
   11     2000.00    0.045031     11.03   0.01133      0.53
         121          73         121          74         122          73
         122          74         123          74         123          75
         123          76         124          74         124          75
         124          76         128          76
    6     2000.00    0.028076     13.44   0.01089      0.61
         120          74         120          75         121          75
         121          76         122          75         122          76
    2     2000.00    0.037305     18.26   0.01044      0.76
         119          77         120          76
