          15
    1     1364.30    1.000000      0.10   0.01400      0.10
         105          66
    1     2000.00    1.000000      0.10   0.01381      0.10
         105          68
    3     2000.00    1.000000      0.10   0.01354      0.10
         105          67         105          69         126          60
    1     2000.00    1.000000      0.10   0.01327      0.10
         106          65
    9     2000.00    1.000000      0.10   0.01300      0.10
         106          66         106          67         106          68
         122          62         124          61         125          61
         126          61         126          62         129          65
   19     2000.00    0.066288      5.35   0.01272      0.33
         107          65         107          66         107          67
         107          68         108          66         108          67
         121          64         122          63         124          62
         125          62         125          63         126          63
         127          62         127          63         127          64
         127          65         128          63         128          64
         128          65
   23     2000.00    0.072075      5.71   0.01245      0.35
         105          71         106          69         106          70
         106          71         106          72         108          68
         109          66         109          67         109          68
         110          66         110          67         110          68
         111          68         123          62         123          63
         124          63         124          64         124          67
         125          64         125          65         125          66
         126          64         126          65
   24     2000.00    0.067294      7.56   0.01218      0.42
         106          73         107          69         107          70
         107          71         107          72         107          73
         108          69         108          70         108          72
         111          66         111          67         112          66
         112          67         112          68         113          66
         119          64         121          65         122          64
         122          65         123          64         123          65
         123          66         124          65         124          66
   26     2000.00    0.054052      9.03   0.01191      0.47
         108          71         109          69         109          70
         109          71         109          72         110          69
         110          70         110          71         111          69
         113          67         113          68         114          67
         118          65         119          65         119          66
         120          65         120          66         120          67
         121          66         121          67         121          70
         122          66         122          67         123          67
         123          68         123          69
   25     2000.00    0.055258     12.19   0.01163      0.51
         110          72         111          70         111          71
         111          72         111          73         112          69
         112          70         112          71         112          74
         113          69         114          68         115          67
         115          68         116          66         117          66
         118          66         118          67         119          67
         119          68         120          68         121          68
         121          69         122          68         122          69
         122          70
   24     2000.00    0.064580     25.91   0.01136      0.84
         112          72         112          73         113          70
         113          71         113          72         113          73
         113          74         113          75         114          69
         114          70         114          71         114          72
         114          74         115          69         116          67
         116          68         117          67         117          68
         118          68         118          69         119          69
         119          70         120          69         120          70
   18     2000.00    0.035713     33.10   0.01109      0.99
         112          75         114          73         114          75
         115          70         115          71         115          72
         115          73         115          74         116          69
         116          70         116          71         117          69
         117          70         118          70         118          71
         119          71         120          71         120          72
   10     2000.00    0.037586     29.85   0.01082      0.94
         115          75         115          76         116          72
         116          73         116          74         117          71
         117          72         118          72         119          72
         120          73
    9     2000.00    0.047862     87.68   0.01054      2.17
         116          75         116          76         117          73
         117          74         117          75         118          73
         118          74         119          73         119          74
    6     2000.00    0.018258     61.01   0.01027      1.59
         117          76         118          75         118          76
         118          77         119          75         119          76
