          21
    3     1056.39    1.000000      0.10   0.01400      0.10
          96          55          98          58         100          60
    0     2000.00    1.000000      0.10   0.01390      0.10
 
    2     2000.00    1.000000      0.10   0.01370      0.10
          97          54          98          53
    0     2000.00    1.000000      0.10   0.01351      0.10
 
    1     2000.00    1.000000      0.10   0.01331      0.10
         101          61
    1     2000.00    1.000000      0.10   0.01312      0.10
         104          65
    2     2000.00    1.000000      0.10   0.01292      0.10
          99          53         103          63
    3     2000.00    1.000000      0.10   0.01273      0.10
          97          56         100          59         101          60
    7     2000.00    1.000000      0.10   0.01253      0.10
          97          55          98          57          99          58
         100          53         100          58         101          59
         102          59
   12     2000.00    0.061923      4.68   0.01234      0.31
          98          54          98          55          98          56
          99          56          99          57         100          56
         100          57         101          57         101          58
         102          57         102          58         103          58
    9     2000.00    0.045144      4.93   0.01214      0.32
          99          54          99          55         100          54
         100          55         101          56         102          56
         102          60         103          57         103          62
    8     2000.00    0.086703     10.27   0.01195      0.51
         101          53         101          54         101          55
         102          53         102          54         102          55
         103          53         103          56
    6     2000.00    0.071187     12.83   0.01175      0.60
         102          61         103          54         103          55
         103          59         104          54         105          54
   12     2000.00    0.051147     12.83   0.01156      0.60
         103          60         103          61         104          55
         104          56         104          57         104          58
         104          61         104          63         104          64
         105          55         105          56         106          56
   15     2000.00    0.027485     12.83   0.01136      0.60
         104          59         104          60         104          62
         105          57         105          58         105          59
         105          60         105          61         105          62
         105          63         105          64         105          65
         106          57         106          58         106          64
   12     2000.00    0.046821      6.75   0.01117      0.37
         106          59         106          60         106          61
         106          62         106          63         107          59
         107          60         107          61         107          62
         107          63         107          64         108          59
    7     2000.00    0.027818     11.44   0.01097      0.54
         108          60         108          61         108          62
         108          63         108          64         109          61
         109          62
   10     2000.00    0.025086     18.20   0.01078      0.76
         108          65         109          63         109          64
         109          65         110          61         110          62
         110          63         110          64         110          65
         111          61
    8     2000.00    0.051901     15.52   0.01058      0.66
         111          62         111          63         111          64
         111          65         112          62         112          63
         112          64         112          65
    5     2000.00    0.037993     20.34   0.01039      0.82
         113          63         113          64         113          65
         114          64         114          65
    2     2000.00    0.012423     20.34   0.01019      0.82
         114          66         115          66
