          14
    1       87.41    1.000000      0.10   0.01400      0.10
         112          44
    0     2000.00    1.000000      0.10   0.01399      0.10
 
    4     2000.00    1.000000      0.10   0.01368      0.10
         110          45         110          46         110          47
         113          44
    8     2000.00    1.000000      0.10   0.01337      0.10
         110          48         111          45         111          46
         111          47         112          45         113          45
         114          45         114          46
    9     2000.00    0.075151      4.89   0.01307      0.31
         110          49         111          48         111          49
         112          46         112          47         112          48
         113          46         113          47         114          47
   13     2000.00    0.095796      9.75   0.01276      0.50
         110          50         110          51         111          50
         111          51         112          49         112          50
         112          51         113          48         113          49
         114          48         114          49         115          49
         115          50
   23     2000.00    0.047329      9.75   0.01245      0.50
         106          55         107          55         107          56
         108          55         108          56         110          52
         110          53         111          52         111          53
         112          52         112          53         113          50
         113          51         113          52         114          50
         114          51         115          51         116          51
         116          52         117          53         118          54
         125          59         125          60
   30     2000.00    0.056548     24.67   0.01215      0.82
         107          57         108          57         108          58
         109          55         109          56         109          57
         110          54         110          55         111          54
         112          54         112          55         113          53
         113          54         113          55         114          52
         114          53         115          52         115          53
         116          53         116          54         117          54
         117          55         118          55         121          58
         122          58         122          59         123          59
         123          60         124          59         124          60
   31     2000.00    0.033887     17.89   0.01184      0.66
         107          58         109          58         109          59
         110          56         110          57         110          58
         110          59         111          55         111          56
         111          57         112          56         113          56
         114          54         114          55         115          54
         115          55         116          55         117          56
         118          56         119          55         119          56
         120          56         120          57         120          60
         121          57         121          59         121          60
         121          61         122          60         122          61
         123          61
   28     2000.00    0.034909     15.88   0.01153      0.61
         109          60         110          60         111          58
         111          59         111          60         112          57
         112          58         112          59         113          57
         113          58         114          56         114          57
         115          56         115          57         116          56
         116          57         117          57         118          57
         118          58         119          57         119          58
         120          58         120          59         120          61
         120          62         120          63         121          62
         121          63
   20     2000.00    0.028814     12.44   0.01123      0.54
         112          60         112          61         113          59
         113          60         114          58         114          59
         115          58         115          59         116          58
         116          59         117          58         117          59
         118          59         118          60         118          62
         119          59         119          60         119          61
         119          62         119          63
   14     2000.00    0.014997     22.61   0.01092      0.76
         113          61         113          62         114          60
         114          61         115          60         115          61
         116          60         117          60         117          61
         117          62         118          61         118          63
         118          64         120          64
    9     2000.00    0.010060     43.27   0.01061      1.26
         114          62         114          63         115          62
         115          63         116          61         116          62
         116          63         117          63         117          64
    5     2000.00    0.101253     47.66   0.01031      1.38
         115          64         115          65         116          64
         116          65         117          65
