           6
    2     1323.09    1.000000      0.10   0.01400      0.10
         100          32         100          33
    2     2000.00    1.000000      0.10   0.01353      0.10
         101          33         101          34
    8     2000.00    0.084761      9.81   0.01283      0.50
         102          33         102          34         102          35
         102          36         103          33         103          34
         104          34         105          35
    6     2000.00    0.051485     13.66   0.01212      0.63
         102          37         103          35         103          36
         104          35         104          36         105          36
    5     2000.00    0.065538     13.66   0.01141      0.63
         102          38         102          39         103          37
         103          38         104          37
    3     2000.00    0.078270     13.66   0.01071      0.63
         103          39         103          40         103          41
