           5
    3      474.41    1.000000      0.10   0.01400      0.10
         105          47         109          46         109          47
   10     2000.00    0.044658     17.26   0.01378      0.72
         105          48         105          49         106          46
         106          47         106          48         107          46
         107          47         108          46         108          47
         109          48
    7     2000.00    0.058575     24.59   0.01283      0.93
         106          49         106          50         107          48
         107          49         108          48         108          49
         109          49
    8     2000.00    0.041312     24.59   0.01189      0.93
         106          51         107          50         107          51
         107          52         108          50         108          51
         109          50         109          51
    5     2000.00    0.080218     33.08   0.01094      1.11
         107          53         108          52         108          53
         109          52         109          53
