           4
    5      882.30    1.000000      0.10   0.01400      0.10
         108          41         109          40         109          41
         110          40         113          43
   10     2000.00    0.091384      4.54   0.01349      0.30
         108          42         109          42         110          41
         110          42         111          41         111          42
         111          43         111          44         112          42
         112          43
    5     2000.00    0.186165      4.54   0.01232      0.30
         107          43         108          43         109          43
         110          43         110          44
    6     2000.00    0.079900      8.30   0.01116      0.45
         107          44         107          45         108          44
         108          45         109          44         109          45
