           6
    1      397.20    1.000000      0.10   0.01400      0.10
          99          28
    2     2000.00    1.000000      0.10   0.01385      0.10
          99          29          99          30
    0     2000.00    1.000000      0.10   0.01308      0.10
 
   10     2000.00    1.000000      0.10   0.01231      0.10
         100          28         100          29         100          30
         100          31         101          28         101          29
         102          27         102          28         103          27
         103          28
    8     2000.00    0.069947      5.14   0.01154      0.33
         101          30         101          31         102          29
         102          30         103          29         103          30
         104          28         104          29
    7     2000.00    0.079039      4.77   0.01077      0.31
         101          32         102          31         102          32
         103          31         103          32         104          30
         104          32
