           4
    1     1937.59    1.000000      0.10   0.01400      0.10
         106          35
    1     2000.00    1.000000      0.10   0.01302      0.10
         106          36
    7     2000.00    1.000000      0.10   0.01202      0.10
         104          38         105          37         106          37
         106          38         107          37         107          38
         107          39
    6     2000.00    0.096739      8.72   0.01101      0.45
         104          39         104          40         105          38
         105          39         105          40         106          39
