           4
    1      350.80    1.000000      0.10   0.01400      0.10
         102          43
    2     2000.00    1.000000      0.10   0.01378      0.10
         103          43         103          44
    4     2000.00    0.102270      3.72   0.01252      0.26
         104          44         104          45         105          43
         106          43
    6     2000.00    0.090387     18.91   0.01126      0.78
         104          46         105          44         105          45
         105          46         106          44         106          45
