           7
    2     1291.80    1.000000      0.10   0.01400      0.10
         103          45         103          46
    2     2000.00    1.000000      0.10   0.01361      0.10
         101          51         103          47
    9     2000.00    0.060445     45.93   0.01301      1.38
         101          52         102          49         102          50
         102          51         102          52         103          48
         103          49         104          47         104          48
    7     2000.00    0.086686     43.98   0.01241      1.29
         103          50         103          51         103          52
         104          49         104          50         104          51
         105          50
    5     2000.00    0.147439     58.54   0.01181      1.65
         104          52         104          53         105          51
         105          52         105          53
    3     2000.00    0.093331     58.54   0.01120      1.65
         106          52         106          53         106          54
    3     2000.00    0.098815     41.57   0.01060      1.29
         107          54         108          54         109          54
