          15
    4     1486.09    1.000000      0.10   0.01400      0.10
          90          31          90          32          90          33
          90          34
    0     2000.00    1.000000      0.10   0.01380      0.10
 
    2     2000.00    1.000000      0.10   0.01353      0.10
          91          33          94          28
   14     2000.00    0.108774      5.23   0.01326      0.33
          91          30          91          31          91          32
          91          36          92          29          92          30
          92          31          92          32          93          29
          93          30          93          38          94          29
          95          29          98          28
   15     2000.00    0.056834      4.95   0.01298      0.32
          91          34          92          33          92          37
          93          31          93          32          94          30
          94          31          95          30          95          31
          96          29          96          30          97          29
          97          30          98          29          98          30
   17     2000.00    0.067669      7.88   0.01271      0.43
          91          35          92          34          92          35
          92          36          93          33          93          34
          93          37          93          39          94          32
          94          33          95          32          96          31
          96          32          96          33          97          31
          98          31          99          31
   18     2000.00    0.080878      6.19   0.01244      0.37
          93          35          93          36          94          34
          94          35          94          36          94          37
          94          38          95          33          95          34
          95          37          96          34          97          32
          97          33          97          34          98          32
          98          33          99          32          99          33
   13     2000.00    0.050465      8.46   0.01217      0.45
          94          39          94          40          95          35
          95          36          95          38          96          35
          96          36          96          37          97          35
          98          34          98          35          99          34
         100          34
   17     2000.00    0.110814     10.07   0.01190      0.50
          95          39          95          40          95          41
          96          38          96          39          96          41
          97          36          97          37          97          38
          98          36          98          37          99          35
          99          36         100          35         100          36
         101          35         101          36
   16     2000.00    0.168104     11.04   0.01163      0.52
          96          40          96          42          97          39
          97          40          97          41          97          42
          98          38          98          39          98          40
          99          37          99          38          99          39
         100          37         100          38         101          37
         101          38
    8     2000.00    0.155521     14.06   0.01136      0.63
          97          43          98          41          98          42
          98          43          99          40          99          41
         100          39         100          40
    8     2000.00    0.139004     22.66   0.01109      0.88
          98          44          99          42          99          43
          99          44         100          41         100          42
         101          41         101          42
    7     2000.00    0.069311     22.66   0.01081      0.88
          99          45         100          43         100          44
         100          45         101          43         101          44
         102          44
    5     2000.00    0.081947     22.66   0.01054      0.88
         101          45         101          46         101          47
         102          45         102          46
    2     2000.00    0.086279     22.66   0.01027      0.88
         102          47         102          48
