          45
    1     1207.20    1.000000      0.10   0.01400      0.10
          75          24
    0     2000.00    1.000000      0.10   0.01395      0.10
 
    2     2000.00    1.000000      0.10   0.01386      0.10
          73          26          74          25
    0     2000.00    1.000000      0.10   0.01377      0.10
 
    0     2000.00    1.000000      0.10   0.01368      0.10
 
    0     2000.00    1.000000      0.10   0.01359      0.10
 
    1     2000.00    1.000000      0.10   0.01350      0.10
          75          21
    0     2000.00    1.000000      0.10   0.01341      0.10
 
    1     2000.00    1.000000      0.10   0.01332      0.10
          75          20
    0     2000.00    1.000000      0.10   0.01323      0.10
 
    0     2000.00    1.000000      0.10   0.01314      0.10
 
    0     2000.00    1.000000      0.10   0.01305      0.10
 
    0     2000.00    1.000000      0.10   0.01296      0.10
 
    1     2000.00    1.000000      0.10   0.01287      0.10
          69          27
    0     2000.00    1.000000      0.10   0.01278      0.10
 
    0     2000.00    1.000000      0.10   0.01269      0.10
 
    1     2000.00    1.000000      0.10   0.01260      0.10
          70          27
    1     2000.00    1.000000      0.10   0.01251      0.10
          72          27
    0     2000.00    1.000000      0.10   0.01242      0.10
 
    3     2000.00    1.000000      0.10   0.01233      0.10
          69          29          70          32          71          27
    1     2000.00    1.000000      0.10   0.01224      0.10
          75          25
    2     2000.00    1.000000      0.10   0.01215      0.10
          69          30          74          26
    9     2000.00    1.000000      0.10   0.01206      0.10
          70          28          70          29          76          20
          76          21          76          22          76          23
          77          19          81          18          82          19
   21     2000.00    0.027333      9.02   0.01197      0.48
          70          30          70          31          71          28
          71          29          71          35          72          28
          72          29          73          27          75          26
          76          24          77          20          77          21
          77          22          77          23          78          20
          78          21          79          19          79          20
          80          19          81          19          81          20
   29     2000.00    0.052388      5.47   0.01188      0.34
          71          30          71          31          71          33
          71          34          72          36          73          28
          73          29          74          27          74          28
          76          25          76          26          77          24
          77          25          77          26          78          22
          78          23          78          24          79          21
          79          22          79          23          79          24
          80          20          80          21          80          22
          81          21          81          22          82          21
          82          22          83          22
   37     2000.00    0.065545      6.66   0.01179      0.38
          71          32          72          30          72          31
          72          32          72          33          72          34
          72          35          73          30          73          31
          73          33          73          35          73          36
          73          37          74          29          75          27
          75          28          76          27          76          28
          78          25          78          26          79          25
          79          26          80          23          80          24
          81          23          81          24          82          23
          82          24          83          23          83          24
          84          24          85          25          85          26
          86          25          86          26          86          27
          87          26
   42     2000.00    0.085883      6.85   0.01170      0.39
          73          32          73          34          74          30
          74          31          74          32          74          33
          74          34          74          35          74          36
          74          37          75          29          75          30
          75          32          75          33          75          36
          75          37          76          29          76          37
          76          38          77          27          77          28
          77          29          78          27          78          28
          79          27          80          25          80          26
          81          25          81          26          82          25
          83          25          83          26          84          25
          84          26          84          27          85          27
          85          28          86          28          87          27
          88          26          89          27          89          28
   35     2000.00    0.091914      7.39   0.01161      0.41
          75          31          75          34          75          35
          76          30          76          31          76          32
          76          33          76          34          76          35
          76          36          77          30          77          36
          77          37          78          29          79          28
          79          29          80          27          80          28
          81          27          82          26          82          27
          83          27          83          28          84          28
          84          29          85          29          87          28
          88          27          88          28          88          29
          88          30          88          31          88          32
          89          31          89          32
   36     2000.00    0.100050      7.50   0.01152      0.41
          77          31          77          32          77          33
          77          34          77          35          77          38
          78          30          78          31          78          32
          78          33          78          34          78          35
          78          36          78          37          78          43
          79          30          79          31          79          35
          79          36          80          29          80          30
          81          28          81          29          82          28
          82          29          83          29          84          30
          85          30          86          29          86          30
          87          29          87          30          87          31
          87          32          87          33          88          33
   30     2000.00    0.077300      8.78   0.01143      0.45
          78          38          78          39          79          32
          79          33          79          34          79          37
          79          39          79          40          79          41
          80          31          80          32          80          33
          80          34          80          35          80          36
          81          30          81          31          81          32
          82          30          82          31          83          30
          83          31          84          31          85          31
          85          32          85          33          86          31
          86          32          86          33          89          33
   24     2000.00    0.088815     11.69   0.01135      0.55
          79          38          79          42          80          37
          80          38          80          39          80          44
          81          33          81          34          81          35
          81          36          82          32          82          33
          83          32          83          33          84          32
          84          33          87          34          88          34
          88          35          88          36          89          34
          89          35          89          36          90          35
   21     2000.00    0.084494     11.43   0.01126      0.53
          79          43          80          40          80          41
          80          43          81          37          81          38
          81          39          81          45          82          34
          82          35          82          36          82          37
          83          34          83          35          84          34
          85          34          86          34          86          35
          87          35          87          36          90          36
   22     2000.00    0.058574     12.85   0.01117      0.56
          80          42          81          40          81          41
          81          42          81          43          82          38
          82          39          83          36          83          37
          83          38          84          35          84          36
          84          37          85          35          85          36
          86          36          88          37          89          37
          89          38          90          37          91          37
          92          38
   26     2000.00    0.139634      8.67   0.01108      0.42
          81          44          82          40          82          41
          82          42          82          43          83          39
          83          40          83          41          83          46
          84          38          84          39          85          37
          85          38          85          47          86          37
          87          37          87          38          88          38
          88          39          88          49          90          38
          90          39          91          38          91          39
          91          40          92          39
   25     2000.00    0.067564     15.07   0.01099      0.62
          82          44          82          45          83          42
          83          43          83          44          83          45
          84          40          84          41          84          42
          84          43          85          39          85          40
          86          38          86          39          87          39
          87          40          89          39          89          40
          89          41          89          50          90          40
          90          41          90          42          92          40
          94          54
   23     2000.00    0.057322     16.44   0.01090      0.65
          84          44          84          45          84          46
          85          41          85          42          85          43
          85          44          85          45          85          46
          86          40          86          41          86          42
          86          48          87          41          88          40
          88          41          89          42          90          43
          91          41          91          42          95          54
          96          54          99          52
   21     2000.00    0.036575     15.48   0.01081      0.63
          86          43          86          44          86          45
          86          46          86          47          87          42
          87          43          87          48          88          42
          88          43          89          43          90          51
          91          43          91          52          92          53
          93          40          95          53          96          53
          97          52          97          53          98          52
   24     2000.00    0.020497     11.54   0.01072      0.51
          87          44          87          45          87          46
          87          47          88          44          88          45
          89          44          90          44          91          44
          92          41          92          42          92          52
          93          41          93          52          93          53
          94          41          94          42          94          52
          94          53          95          51          95          52
          96          51          96          52         100          52
   25     2000.00    0.026139     18.24   0.01063      0.69
          88          46          88          47          88          48
          89          45          89          46          89          47
          89          48          89          49          90          45
          90          46          90          50          91          45
          91          51          92          43          92          44
          92          51          93          42          93          43
          93          51          94          43          94          50
          94          51          95          42          95          50
          97          51
   20     2000.00    0.027482     10.68   0.01054      0.48
          90          47          90          48          90          49
          91          46          91          47          91          48
          91          49          91          50          92          45
          92          46          92          49          92          50
          93          44          93          45          93          49
          93          50          94          44          94          45
          94          49          95          43
   10     2000.00    0.032859     26.15   0.01045      0.90
          92          47          92          48          93          46
          93          47          93          48          94          46
          95          44          96          43          96          44
          98          51
   11     2000.00    0.089230     18.49   0.01036      0.67
          94          47          94          48          95          45
          95          46          95          47          95          49
          96          45          96          50          97          44
          97          45          99          51
   13     2000.00    0.046947     22.48   0.01027      0.77
          95          48          96          46          96          47
          96          48          96          49          97          46
          97          47          97          48          97          50
          98          45          98          46          99          46
         100          46
   10     2000.00    0.030277     17.07   0.01018      0.66
          97          49          98          47          98          48
          98          49          98          50          99          47
          99          48          99          50         100          47
         100          51
    7     2000.00    0.015689     48.74   0.01009      1.46
          99          49         100          48         100          49
         100          50         101          48         101          49
         101          50
