           7
    1     1608.59    1.000000      0.10   0.01400      0.10
         116          84
    2     2000.00    1.000000      0.10   0.01353      0.10
         115          85         115          86
    2     2000.00    1.000000      0.10   0.01294      0.10
         117          85         118          91
    8     2000.00    0.032672    125.87   0.01235      2.30
         115          87         115          88         116          85
         116          86         116          87         116          90
         117          86         119          91
   10     2000.00    0.051569     54.94   0.01176      1.16
         116          88         116          89         117          87
         117          88         117          89         117          90
         118          87         118          89         118          90
         119          90
    5     2000.00    0.147905    249.55   0.01118      4.35
         118          88         119          87         119          88
         119          89         120          89
    5     2000.00    0.037468    249.55   0.01059      4.35
         120          87         120          88         121          87
         121          88         121          89
