           9
    2     1764.50    1.000000      0.10   0.01400      0.10
         112          98         112          99
    2     2000.00    1.000000      0.10   0.01360      0.10
         111          94         112          97
    3     2000.00    1.000000      0.10   0.01315      0.10
         112          95         112          96         113         100
    6     2000.00    1.000000      0.10   0.01270      0.10
         113          98         113          99         114          99
         114         100         115          99         115         100
   15     2000.00    0.098910      4.16   0.01225      0.28
         111          93         113          96         113          97
         114          96         114          97         114          98
         115          97         115          98         116          97
         116          98         117          96         117          97
         117          98         118          96         118          97
   15     2000.00    0.054854      7.54   0.01180      0.42
         112          94         113          95         114          95
         115          95         115          96         116          95
         116          96         117          95         118          94
         118          95         119          93         119          94
         119          95         119          96         120          95
   15     2000.00    0.056440      7.07   0.01135      0.40
         112          93         113          92         113          93
         113          94         114          93         114          94
         115          93         115          94         116          93
         116          94         117          92         117          93
         117          94         118          92         118          93
    6     2000.00    0.042489      6.61   0.01090      0.37
         114          91         114          92         115          92
         116          91         116          92         117          91
    4     2000.00    0.034811      6.19   0.01045      0.35
         114          90         115          89         115          90
         115          91
