           7
    1       64.59    1.000000      0.10   0.01400      0.10
         108          81
    0     2000.00    1.000000      0.10   0.01398      0.10
 
    3     2000.00    1.000000      0.10   0.01332      0.10
         109          82         110          83         111          92
    4     2000.00    1.000000      0.10   0.01265      0.10
         110          82         111          82         111          83
         111          90
   12     2000.00    0.056831     63.65   0.01199      1.29
         111          84         111          86         111          89
         112          83         112          84         112          85
         112          91         112          92         113          83
         113          84         114          84         114          85
   11     2000.00    0.088623     59.56   0.01133      1.29
         111          87         111          88         112          86
         112          87         112          88         112          89
         112          90         113          85         113          86
         113          91         114          86
    7     2000.00    0.051343    186.50   0.01066      3.31
         113          87         113          88         113          89
         113          90         114          87         114          88
         114          89
