          31
    1     1232.70    1.000000      0.10   0.01400      0.10
          91         111
    2     2000.00    1.000000      0.10   0.01392      0.10
          91         112          91         113
    0     2000.00    1.000000      0.10   0.01379      0.10
 
    0     2000.00    1.000000      0.10   0.01366      0.10
 
    0     2000.00    1.000000      0.10   0.01353      0.10
 
    0     2000.00    1.000000      0.10   0.01340      0.10
 
    0     2000.00    1.000000      0.10   0.01327      0.10
 
    0     2000.00    1.000000      0.10   0.01314      0.10
 
    4     2000.00    1.000000      0.10   0.01300      0.10
          91         114          92         115          93         110
          93         116
   10     2000.00    0.060256      9.22   0.01287      0.48
          92         111          92         112          92         113
          92         114          93         114          93         115
          94         114          94         115          94         116
          95         116
   16     2000.00    0.067836      8.29   0.01274      0.45
          93         111          93         112          93         113
          94         110          94         111          94         112
          94         113          95         110          95         112
          95         113          95         114          95         115
          96         115          96         116          97         116
          98         116
   21     2000.00    0.066176      5.28   0.01261      0.33
          95         111          96         110          96         111
          96         112          96         113          96         114
          97         112          97         113          97         114
          97         115          98         114          98         115
          99         115         100         114         100         115
         101         113         101         114         102         113
         104         114         104         115         106         114
   27     2000.00    0.069608      5.99   0.01248      0.36
          95         117          96         117          97         110
          97         111          98         110          98         111
          98         112          98         113          99         109
          99         113          99         114         100         112
         100         113         101         112         102         112
         102         114         103         112         103         113
         103         114         104         112         104         113
         105         112         105         113         105         114
         106         113         107         113         108         113
   24     2000.00    0.050935      6.25   0.01235      0.36
          90         114          99         106          99         110
          99         111          99         112         100         108
         100         109         100         111         101         111
         103         111         104         111         105         110
         105         111         106         111         106         112
         107         111         107         112         108         111
         108         112         109         111         109         112
         109         113         110         112         110         113
   27     2000.00    0.066456      8.75   0.01222      0.45
          92         116          99         105         100         107
         100         110         101         107         101         108
         101         109         101         110         102         110
         102         111         103         110         104         110
         105         109         106         108         106         109
         106         110         107         109         107         110
         108         109         108         110         109         110
         109         114         110         110         110         111
         111         109         111         110         111         111
   29     2000.00    0.065240     10.52   0.01209      0.51
          91         115          99         104         100         106
         101         106         102         107         102         108
         102         109         103         107         103         108
         103         109         104         108         104         109
         105         108         106         107         107         107
         107         108         108         108         109         108
         109         109         110         108         110         109
         111         107         111         108         112         108
         113         107         113         108         114         106
         114         107         114         108
   27     2000.00    0.069496      9.41   0.01196      0.48
         100         103         100         105         101         105
         102         105         102         106         103         106
         104         106         104         107         105         107
         105         115         106         106         107         106
         108         105         108         106         108         107
         109         106         109         107         110         106
         110         107         110         114         111         106
         112         106         112         107         113         104
         113         105         113         106         114         105
   32     2000.00    0.089151      9.52   0.01183      0.48
          94         117         100         104         101         101
         101         102         101         103         101         104
         102         103         102         104         103         103
         103         104         103         105         104         104
         104         105         105         105         105         106
         106         104         106         105         107         104
         107         105         108         104         109         104
         109         105         110         104         110         105
         111         104         111         105         112         103
         112         104         112         105         113         101
         113         102         113         103
   26     2000.00    0.070473      9.48   0.01170      0.47
         102         100         102         102         103         101
         103         102         104         101         104         102
         104         103         105         102         105         103
         105         104         106         103         107         102
         107         103         108         102         108         103
         109         102         109         103         110         102
         110         103         111         100         111         101
         111         102         111         103         112         100
         112         101         112         102
   21     2000.00    0.051703     14.58   0.01157      0.64
         102         101         103          98         103          99
         103         100         104          96         104         100
         105          99         105         100         105         101
         106         100         106         101         106         102
         107         101         108         101         109         101
         110          98         110          99         110         100
         110         101         111          98         111          99
   15     2000.00    0.057995     16.05   0.01144      0.68
         104          97         104          98         104          99
         105          94         105          98         106          98
         106          99         107          99         107         100
         108          99         108         100         109          98
         109          99         109         100         110          97
   15     2000.00    0.043818     22.25   0.01131      0.84
         105          93         105          95         105          96
         105          97         106          97         107          97
         107          98         108          97         108          98
         109          96         109          97         110          96
         111          95         111          96         111          97
   12     2000.00    0.065684     14.41   0.01118      0.61
         106          91         106          92         106          94
         106          95         106          96         107          95
         107          96         108          95         108          96
         109          95         110          94         110          95
    9     2000.00    0.051655     14.52   0.01105      0.61
         106          90         106          93         107          93
         107          94         108          93         108          94
         109          93         109          94         110          93
    8     2000.00    0.066372     26.81   0.01091      0.93
         107          88         107          89         107          90
         107          91         107          92         108          92
         109          92         110          92
    9     2000.00    0.019744     37.51   0.01078      1.23
         108          88         108          89         108          90
         108          91         109          90         109          91
         110          90         110          91         111          91
    4     2000.00    0.014365     37.51   0.01065      1.23
         109          88         109          89         110          88
         110          89
    1     2000.00    0.022045     37.51   0.01052      1.23
         110          87
    1     2000.00    1.000000      0.10   0.01039      0.10
         103         115
    0     2000.00    1.000000      0.10   0.01026      0.10
 
    1     2000.00    1.000000      0.10   0.01013      0.10
         108         114
