           6
    1      954.81    1.000000      0.10   0.01400      0.10
         106          80
    4     2000.00    1.000000      0.10   0.01365      0.10
         106          81         107          80         107          81
         108          80
    3     2000.00    0.051259      4.43   0.01292      0.30
         106          82         106          83         107          82
    9     2000.00    0.039836     56.79   0.01219      1.27
         106          84         106          85         106          86
         106          87         107          83         107          84
         108          82         108          83         109          83
   10     2000.00    0.014323    145.73   0.01146      2.66
         107          85         107          86         107          87
         108          84         108          85         108          86
         108          87         109          84         109          85
         110          84
    5     2000.00    0.008117    162.56   0.01073      2.96
         109          86         109          87         110          85
         110          86         111          85
