          24
    1     1035.30    1.000000      0.10   0.01400      0.10
          94         106
    0     2000.00    1.000000      0.10   0.01391      0.10
 
    1     2000.00    1.000000      0.10   0.01374      0.10
          94         109
    0     2000.00    1.000000      0.10   0.01357      0.10
 
    1     2000.00    1.000000      0.10   0.01340      0.10
          95         108
    0     2000.00    1.000000      0.10   0.01323      0.10
 
    1     2000.00    1.000000      0.10   0.01306      0.10
          94         103
    1     2000.00    1.000000      0.10   0.01289      0.10
          94         102
    4     2000.00    1.000000      0.10   0.01272      0.10
          94         105          95         101          95         107
          96          96
    3     2000.00    1.000000      0.10   0.01255      0.10
          94         104          95         109          96          97
    3     2000.00    1.000000      0.10   0.01238      0.10
          96          98          96          99          96         109
    9     2000.00    0.035315      7.38   0.01221      0.42
          96         100          96         107          96         108
          97         108          97         109          98         108
          98         109          99         107          99         108
   11     2000.00    0.041291      7.38   0.01204      0.42
          95         102          95         103          95         104
          95         105          95         106          96         105
          96         106          97         106          97         107
          98         106          98         107
   13     2000.00    0.065361      6.40   0.01187      0.38
          96         101          96         102          96         103
          96         104          97          96          97          97
          97          98          97          99          97         103
          97         104          97         105          98         104
          98         105
   10     2000.00    0.084108      7.79   0.01170      0.42
          97         100          97         101          97         102
          98          97          98          98          98          99
          98         100          98         102          98         103
          99         103
   11     2000.00    0.069857     10.23   0.01153      0.51
          98          96          98         101          99          96
          99          97          99          98          99          99
          99         100          99         101          99         102
         100         101         100         102
    6     2000.00    0.024772     14.19   0.01136      0.64
         100          96         100          97         100          98
         100          99         100         100         101         100
    7     2000.00    0.052065     12.54   0.01119      0.57
         101          96         101          97         101          98
         101          99         102          97         102          98
         102          99
    5     2000.00    0.097580     18.66   0.01102      0.77
         102          94         102          95         102          96
         103          96         103          97
    6     2000.00    0.047829     18.66   0.01085      0.77
         102          93         103          92         103          93
         103          94         103          95         104          95
    5     2000.00    0.040692     18.66   0.01068      0.77
         103          91         104          91         104          92
         104          93         104          94
    5     2000.00    0.057158     18.66   0.01051      0.77
         104          89         104          90         105          90
         105          91         105          92
    3     2000.00    0.032170     18.66   0.01034      0.77
         105          88         105          89         106          89
    3     2000.00    0.032794     91.62   0.01017      1.92
         105          86         105          87         106          88
