           5
    1      196.59    1.000000      0.10   0.01400      0.10
         104          80
    0     2000.00    1.000000      0.10   0.01390      0.10
 
    4     2000.00    1.000000      0.10   0.01293      0.10
         104          81         104          82         105          80
         105          81
    6     2000.00    0.045281     82.19   0.01195      1.60
         104          83         104          84         104          85
         104          87         104          88         105          82
    4     2000.00    0.056871     62.77   0.01098      1.28
         104          86         105          83         105          84
         105          85
