          17
    1     1407.00    1.000000      0.10   0.01400      0.10
         103          66
    0     2000.00    1.000000      0.10   0.01383      0.10
 
    0     2000.00    1.000000      0.10   0.01359      0.10
 
    1     2000.00    1.000000      0.10   0.01335      0.10
         102          67
    1     2000.00    1.000000      0.10   0.01311      0.10
         101          68
    0     2000.00    1.000000      0.10   0.01287      0.10
 
    1     2000.00    1.000000      0.10   0.01263      0.10
         104          67
    6     2000.00    0.101597      6.97   0.01239      0.40
         100          74         102          68         103          67
         103          68         104          68         104          69
    8     2000.00    0.062123      8.10   0.01216      0.44
         100          75         101          69         101          70
         102          69         102          70         103          69
         103          70         104          70
    8     2000.00    0.053805      8.10   0.01192      0.44
         100          76         101          71         101          72
         101          73         102          71         102          72
         103          71         103          72
    8     2000.00    0.052806      8.10   0.01168      0.44
         100          77         100          78         101          74
         102          73         102          74         103          73
         104          73         104          74
   10     2000.00    0.055810      6.10   0.01144      0.36
         100          79         100          80         101          75
         101          76         102          75         102          76
         103          74         103          75         104          75
         104          76
   13     2000.00    0.043411      8.21   0.01120      0.43
         101          77         101          78         101          81
         101          82         102          77         102          78
         103          76         103          77         104          77
         104          78         105          77         105          78
         106          79
    8     2000.00    0.026776     10.08   0.01096      0.51
         101          79         101          80         101          84
         102          79         103          78         103          79
         104          79         105          79
    6     2000.00    0.068145     46.07   0.01072      1.06
         101          86         102          80         102          81
         102          82         103          80         103          81
    5     2000.00    0.031692     14.00   0.01048      0.64
         102          83         102          84         102          85
         103          82         103          83
    4     2000.00    0.059963     15.66   0.01024      0.69
         102          86         103          84         103          85
         103          86
