          12
    1     1524.11    1.000000      0.10   0.01400      0.10
          96          94
    0     2000.00    1.000000      0.10   0.01374      0.10
 
    1     2000.00    1.000000      0.10   0.01340      0.10
          95          90
    4     2000.00    0.129491      7.36   0.01306      0.42
          95          89          96          92          96          93
          97          94
    7     2000.00    0.094801      7.36   0.01272      0.42
          95          87          95          88          96          91
          97          91          97          92          97          93
          97          95
    6     2000.00    0.082648      7.36   0.01238      0.42
          96          86          96          89          96          90
          97          89          97          90          98          95
   16     2000.00    0.074222     48.89   0.01204      1.23
          96          88          97          82          97          83
          97          84          97          85          97          88
          98          81          98          89          98          92
          98          94          99          81          99          94
          99          95         100          81         100          94
         100          95
   18     2000.00    0.064393     83.20   0.01170      1.67
          96          87          97          86          97          87
          98          82          98          83          98          88
          98          91          98          93          99          82
          99          83          99          92          99          93
         100          82         100          83         100          92
         100          93         101          83         101          95
   19     2000.00    0.053217     72.42   0.01136      1.49
          98          84          98          85          98          86
          98          87          98          90          99          84
          99          85          99          86          99          87
          99          89          99          90          99          91
         100          84         100          90         100          91
         101          85         101          92         101          93
         101          94
   11     2000.00    0.056831     82.56   0.01102      1.64
          99          88         100          85         100          86
         100          87         100          88         100          89
         101          89         101          90         101          91
         102          91         102          92
    6     2000.00    0.079234     97.62   0.01068      1.88
         101          87         101          88         102          88
         102          89         102          90         103          90
    4     2000.00    0.165515    235.82   0.01034      4.19
         102          87         103          87         103          88
         103          89
