          18
    1      482.30    1.000000      0.10   0.01400      0.10
          73          90
    0     2000.00    1.000000      0.10   0.01394      0.10
 
    1     2000.00    1.000000      0.10   0.01371      0.10
          73          89
    0     2000.00    1.000000      0.10   0.01348      0.10
 
    1     2000.00    1.000000      0.10   0.01325      0.10
          72          87
    0     2000.00    1.000000      0.10   0.01302      0.10
 
    2     2000.00    1.000000      0.10   0.01278      0.10
          73          88          75          90
    4     2000.00    1.000000      0.10   0.01255      0.10
          73          87          74          90          75          86
          76          90
    6     2000.00    0.094608      3.22   0.01232      0.24
          74          87          74          88          74          89
          75          87          75          89          79          90
   11     2000.00    0.089996      5.07   0.01209      0.32
          75          88          76          86          76          87
          76          88          76          89          77          86
          77          87          77          89          78          86
          78          89          82          90
    8     2000.00    0.070714      7.57   0.01186      0.41
          77          88          78          87          78          88
          79          86          79          87          79          88
          79          89          80          89
    9     2000.00    0.081008     13.62   0.01162      0.63
          80          86          80          87          80          88
          81          86          81          87          81          88
          81          89          82          89          83          90
   11     2000.00    0.054730     13.62   0.01139      0.63
          82          86          82          87          82          88
          83          86          83          87          83          88
          83          89          84          86          84          90
          87          91          88          92
    7     2000.00    0.091008     13.62   0.01116      0.63
          84          87          84          88          84          89
          85          86          85          87          85          89
          85          90
   10     2000.00    0.080655     10.95   0.01093      0.53
          85          88          86          85          86          86
          86          87          86          88          86          89
          86          90          87          90          88          91
          89          91
   15     2000.00    0.022764     10.95   0.01070      0.53
          87          85          87          86          87          87
          87          88          87          89          88          85
          88          86          88          87          88          88
          88          89          88          90          89          89
          89          90          90          89          90          90
    7     2000.00    0.030673     13.57   0.01046      0.61
          89          86          89          87          89          88
          90          86          90          87          90          88
          91          88
    4     2000.00    0.028338     12.99   0.01023      0.59
          91          86          91          87          92          86
          92          87
