          20
    3      832.59    1.000000      0.10   0.01400      0.10
          74         116          74         117          74         118
    1     2000.00    1.000000      0.10   0.01391      0.10
          72         113
    0     2000.00    1.000000      0.10   0.01371      0.10
 
    2     2000.00    1.000000      0.10   0.01350      0.10
          73         115          74         119
    2     2000.00    1.000000      0.10   0.01330      0.10
          70         110          71         111
    0     2000.00    1.000000      0.10   0.01309      0.10
 
    4     2000.00    1.000000      0.10   0.01288      0.10
          76         120          76         121          77         122
          80         118
    8     2000.00    0.063666      4.32   0.01268      0.29
          76         119          77         120          77         121
          78         120          78         121          79         119
          79         120          80         119
   12     2000.00    0.079634      9.59   0.01247      0.50
          73         114          75         117          75         118
          75         119          76         118          77         118
          77         119          78         118          78         119
          79         117          79         118          80         117
   21     2000.00    0.095406      9.09   0.01227      0.48
          71         110          72         112          73         112
          73         113          74         113          74         114
          74         115          75         114          75         115
          75         116          76         116          76         117
          77         116          77         117          78         116
          78         117          79         115          79         116
          80         115          80         116          81         115
   25     2000.00    0.090381      7.19   0.01206      0.40
          71         109          72         109          72         110
          72         111          73         109          73         110
          73         111          74         108          74         109
          74         111          74         112          75         112
          75         113          76         112          76         113
          76         114          76         115          77         114
          77         115          78         115          79         114
          80         113          80         114          81         113
          81         114
   19     2000.00    0.082480      8.60   0.01185      0.46
          73         108          74         110          75         108
          75         109          75         110          75         111
          76         109          76         111          77         112
          77         113          78         112          78         113
          78         114          79         112          79         113
          80         111          80         112          81         111
          81         112
   15     2000.00    0.066766      8.70   0.01165      0.46
          76         108          76         110          77         109
          77         110          77         111          78         110
          78         111          79         110          79         111
          79         121          80         108          80         109
          80         110          81         108          81         109
   10     2000.00    0.078109     17.69   0.01144      0.73
          75         107          76         107          77         107
          77         108          78         108          78         109
          79         108          79         109          80         106
          80         107
   11     2000.00    0.083079     22.90   0.01124      0.88
          75         104          75         105          76         104
          76         105          76         106          77         106
          78         107          79         105          79         106
          79         107          80         105
    8     2000.00    0.050735     22.90   0.01103      0.88
          76         103          77         104          77         105
          78         104          78         105          78         106
          79         103          79         104
    4     2000.00    0.100966     22.90   0.01082      0.88
          76         102          77         103          78         102
          78         103
    4     2000.00    0.075633     51.92   0.01062      1.43
          75         121          76         101          77         101
          77         102
    1     2000.00    1.000000      0.10   0.01041      0.10
          76         122
    1     2000.00    1.000000      0.10   0.01021      0.10
          75         120
