           9
   14     1788.50    0.065081      6.83   0.01400      0.39
          82         112          82         113          82         114
          82         115          84         115          85         114
          85         115          86         114          86         115
          88         113          89         112          89         113
          90         112          90         113
   15     2000.00    0.069167      6.28   0.01360      0.37
          81         110          82         111          83         113
          83         114          83         115          84         113
          84         114          85         113          86         113
          87         112          87         113          87         114
          88         111          88         112          89         111
   14     2000.00    0.087380      6.06   0.01315      0.36
          82         110          83         111          83         112
          84         111          84         112          85         111
          85         112          86         109          86         110
          86         111          86         112          87         109
          87         110          87         111
   13     2000.00    0.071004      9.52   0.01270      0.48
          81         107          82         108          82         109
          83         109          83         110          84         109
          84         110          85         108          85         109
          85         110          86         107          86         108
          87         115
   11     2000.00    0.047473     17.59   0.01225      0.74
          81         105          81         106          82         107
          83         107          83         108          84         107
          84         108          84         116          85         106
          85         107          85         116
    9     2000.00    0.038300     17.59   0.01180      0.74
          80         104          82         105          82         106
          83         105          83         106          84         104
          84         105          84         106          85         105
    7     2000.00    0.034451     17.59   0.01135      0.74
          80         103          81         103          81         104
          82         104          83         103          83         104
          84         103
    5     2000.00    0.044610     17.59   0.01090      0.74
          80         102          81         102          82         102
          82         103          83         102
    7     2000.00    0.039000     41.95   0.01045      1.21
          80         100          80         101          81         100
          81         101          82         100          82         101
          86         116
