           5
    1      178.91    1.000000      0.10   0.01400      0.10
          78          98
    0     2000.00    1.000000      0.10   0.01391      0.10
 
    1     2000.00    1.000000      0.10   0.01293      0.10
          79         102
    6     2000.00    0.223826    113.35   0.01196      2.57
          77          99          77         100          78          99
          78         100          78         101          79         101
    3     2000.00    0.016938    115.04   0.01098      2.59
          79          99          79         100          80          99
