           9
    1      181.09    1.000000      0.10   0.01400      0.10
          85          85
    1     2000.00    1.000000      0.10   0.01396      0.10
          86          83
    2     2000.00    1.000000      0.10   0.01346      0.10
          86          84          87          82
    3     2000.00    1.000000      0.10   0.01297      0.10
          87          83          87          84          88          81
    9     2000.00    1.000000      0.10   0.01247      0.10
          88          82          88          83          88          84
          89          81          89          82          89          83
          89          84          89          85          90          80
   11     2000.00    0.028857      4.80   0.01198      0.31
          90          81          90          82          90          83
          90          84          90          85          91          80
          91          81          91          82          91          84
          91          85          92          79
   14     2000.00    0.019983     25.47   0.01148      0.72
          91          83          92          80          92          81
          92          82          92          83          92          84
          92          85          93          79          93          80
          93          81          93          85          94          85
          94          86          95          86
   12     2000.00    0.015136     35.77   0.01099      0.92
          93          82          93          83          93          84
          94          80          94          81          94          82
          94          83          94          84          95          84
          95          85          96          84          96          85
    5     2000.00    0.008934     67.53   0.01049      1.56
          95          81          95          82          95          83
          96          82          96          83
