          18
    1     1694.50    1.000000      0.10   0.01400      0.10
          73          93
    1     2000.00    1.000000      0.10   0.01381      0.10
          73          92
    2     2000.00    0.071140      8.55   0.01359      0.46
          73          91          74          94
    5     2000.00    0.073809      8.55   0.01336      0.46
          74          91          74          92          75          91
          76          96          78          97
    4     2000.00    0.058221      8.55   0.01314      0.46
          74          93          75          92          75          93
          75          95
   11     2000.00    0.040049      8.55   0.01291      0.46
          75          94          76          91          76          92
          76          93          76          94          76          95
          77          91          77          92          77          93
          77          96          78          91
   14     2000.00    0.040637      7.52   0.01269      0.42
          77          94          77          95          78          90
          78          92          78          93          78          94
          78          95          78          96          79          91
          79          92          79          96          79          97
          80          91          90         101
   19     2000.00    0.038951      6.69   0.01247      0.39
          77          90          79          93          79          94
          79          95          80          92          80          93
          80          94          80          95          80          96
          81          90          81          91          81          92
          81          93          81          96          82          91
          82          92          88          99          89         100
          92         102
   14     2000.00    0.035110      6.47   0.01224      0.37
          80          90          81          94          81          95
          82          93          82          94          82          95
          83          91          83          92          83          93
          83          94          86          97          87          98
          91         101          93         102
   18     2000.00    0.054375      8.74   0.01202      0.46
          83          95          84          91          84          92
          84          93          84          94          85          96
          88          98          89          99          90          98
          90          99          90         100          91          99
          91         100          92         101          93         100
          93         101          94         100          94         101
   27     2000.00    0.078874     28.81   0.01179      0.84
          84          95          85          91          85          92
          85          93          85          94          85          95
          86          92          86          95          86          96
          87          92          87          96          87          97
          88          97          89          97          89          98
          90          97          91          98          92          99
          92         100          93          97          93          98
          93          99          94          98          94          99
          95          98          95          99          95         100
   20     2000.00    0.079524     16.71   0.01157      0.59
          86          91          86          93          86          94
          87          93          87          94          87          95
          88          93          88          95          88          96
          89          96          90          96          91          97
          92          96          92          97          92          98
          93          96          94          96          94          97
          95          96          95          97
   17     2000.00    0.110281     51.45   0.01134      1.29
          88          94          89          93          89          94
          89          95          90          94          90          95
          91          95          91          96          92          94
          92          95          93          94          93          95
          94          94          94          95          95          94
          95          95          96          95
   12     2000.00    0.074817     47.01   0.01112      1.21
          89          92          90          91          90          92
          90          93          91          92          91          93
          91          94          92          93          93          93
          94          92          94          93          95          93
   10     2000.00    0.097380     79.13   0.01090      1.84
          91          90          91          91          92          90
          92          91          92          92          93          91
          93          92          94          91          95          91
          95          92
    4     2000.00    0.074785    126.97   0.01067      2.77
          91          89          92          89          93          90
          94          90
    5     2000.00    0.108751    126.97   0.01045      2.77
          92          88          93          88          93          89
          94          88          94          89
    3     2000.00    0.138620    126.97   0.01022      2.77
          93          86          93          87          94          87
