           9
    3     1858.11    1.000000      0.10   0.01400      0.10
          88         110          90         111          91         110
   17     2000.00    0.072208      4.35   0.01358      0.29
          87         108          88         109          89         109
          89         110          90         109          90         110
          91         108          91         109          92         108
          92         109          92         110          93         106
          93         107          93         108          93         109
          94         107          94         108
   20     2000.00    0.094839      5.12   0.01314      0.32
          85         104          86         106          87         107
          88         107          88         108          89         107
          89         108          90         106          90         107
          90         108          91         106          91         107
          92         103          92         104          92         105
          92         106          92         107          93         103
          93         104          93         105
   16     2000.00    0.103674      6.77   0.01269      0.39
          85         103          86         105          87         105
          87         106          88         105          88         106
          89         105          89         106          90         102
          90         103          90         104          90         105
          91         102          91         103          91         104
          91         105
   10     2000.00    0.094875      7.26   0.01224      0.41
          84         102          86         103          86         104
          87         103          87         104          88         103
          88         104          89         102          89         103
          89         104
    9     2000.00    0.051847     15.04   0.01179      0.66
          83         101          85         102          86         102
          87         101          87         102          88         100
          88         101          88         102          89         101
    9     2000.00    0.045538     17.41   0.01134      0.74
          83         100          84         100          84         101
          85         100          85         101          86         100
          86         101          87          99          87         100
    7     2000.00    0.025264     17.41   0.01090      0.74
          83          99          84          98          84          99
          85          98          85          99          86          98
          86          99
    3     2000.00    0.048333     17.41   0.01045      0.74
          84          96          84          97          85          97
