          15
    1     1457.20    1.000000      0.10   0.01400      0.10
          57          91
    0     2000.00    1.000000      0.10   0.01380      0.10
 
    5     2000.00    1.000000      0.10   0.01353      0.10
          57          92          58          91          60          85
          62          84          65          82
    4     2000.00    1.000000      0.10   0.01326      0.10
          59          88          59          96          60          86
          67          83
   16     2000.00    1.000000      0.10   0.01299      0.10
          58          93          58          94          59          87
          59          89          59          90          59          95
          60          97          63          84          64          84
          65          83          65          84          66          83
          66          84          67          84          68          83
          68          84
   29     2000.00    0.077689      3.48   0.01272      0.25
          58          92          59          91          59          92
          59          93          60          87          60          88
          60          89          60          90          60          92
          61          85          61          86          61          87
          62          85          62          86          63          85
          63          86          64          85          64          86
          65          85          65          86          66          85
          66          86          67          85          67          86
          68          85          68          86          68          87
          69          85          69          86
   30     2000.00    0.095426      5.76   0.01244      0.34
          59          94          60          91          60          93
          60          94          60          95          60          96
          61          88          61          89          61          90
          61          91          61          92          61          93
          61          94          62          87          62          88
          62          89          62          92          62          93
          62          94          62          98          63          87
          63          88          64          87          64          88
          65          87          66          87          66          88
          67          87          67          88          68          88
   32     2000.00    0.095209      7.90   0.01217      0.43
          61          95          61          96          61          97
          62          90          62          91          62          95
          62          96          62          97          63          89
          63          90          63          91          63          92
          63          93          63          94          63          95
          63          98          64          89          65          88
          65          89          66          89          67          89
          67          90          68          89          68          90
          69          87          69          88          69          89
          70          86          70          87          70          88
          71          88          72          89
   29     2000.00    0.114157     11.41   0.01190      0.55
          63          96          63          97          64          90
          64          91          64          92          64          93
          64          94          64          95          64          97
          64          98          65          90          65          91
          65          97          65          98          66          90
          66          91          67          91          67          99
          67         100          68          91          68         102
          69          90          69          91          70          89
          70          90          71          89          71          90
          72          88          72          90
   23     2000.00    0.069970     13.17   0.01163      0.61
          64          96          65          92          65          93
          65          94          65          95          65          96
          66          92          66          93          66          96
          66          97          67          92          67          93
          67          98          68          92          68          93
          69          92          69          93          70          91
          70          92          70          93          71          87
          71          91          72          91
   15     2000.00    0.055914     12.57   0.01136      0.59
          66          94          66          95          67          94
          67          95          67          96          67          97
          68          94          68         101          69          94
          70          94          71          92          71          93
          71          94          72          92          72          93
   21     2000.00    0.055003     15.23   0.01109      0.65
          68          95          68          96          68          97
          68          98          68          99          68         100
          69          95          69          96          69          97
          69          98          69          99          69         100
          69         101          70          95          71          95
          72          94          72          95          73          94
          73          95          76          97          77          97
   19     2000.00    0.029716     12.98   0.01081      0.57
          70          96          70          97          70          98
          70          99          70         100          70         101
          71          96          71          97          72          96
          72          97          73          96          73          97
          74          95          74          96          74          97
          75          97          75          98          76          98
          77          98
   10     2000.00    0.077201     11.38   0.01054      0.53
          71          98          71          99          71         100
          71         101          72          98          72          99
          73          98          74          98          74          99
          75          96
    5     2000.00    0.085219     24.19   0.01027      0.90
          72         100          72         101          73          99
          73         100          73         101
