           9
    3     1505.91    1.000000      0.10   0.01400      0.10
          63          99          66         110          67         110
   12     2000.00    1.000000      0.10   0.01366      0.10
          63         100          63         101          63         102
          64          99          64         100          65          99
          65         109          66          98          66          99
          66         109          67         102          67         109
   14     2000.00    0.085145      4.41   0.01320      0.29
          63         103          64         101          64         102
          64         106          64         107          65         100
          65         101          65         107          65         108
          66         100          66         101          66         102
          66         108          67         101
   13     2000.00    0.066394     23.86   0.01274      0.73
          63         104          63         105          64         103
          64         104          64         105          65         102
          65         103          65         106          66         107
          67         103          67         108          68         103
          68         109
   11     2000.00    0.061021     68.87   0.01228      1.71
          65         104          65         105          66         103
          66         104          66         106          67         107
          68         108          69         108          69         109
          70         108          70         109
   16     2000.00    0.115730     42.68   0.01183      1.12
          66         105          67         104          67         105
          67         106          68         104          68         106
          68         107          69         106          69         107
          70         106          70         107          71         107
          71         108          72         107          72         108
          73         107
   13     2000.00    0.078300     52.59   0.01137      1.34
          68         105          69         102          69         103
          69         104          69         105          70         102
          70         105          71         105          71         106
          72         105          72         106          73         106
          74         107
   10     2000.00    0.051902     52.85   0.01091      1.34
          70         103          70         104          71         102
          71         103          71         104          72         104
          73         105          74         105          74         106
          75         106
    7     2000.00    0.052489     62.69   0.01046      1.55
          72         102          72         103          73         102
          73         103          73         104          74         103
          74         104
