           8
    1      179.00    1.000000      0.10   0.01400      0.10
          54         128
    1     2000.00    1.000000      0.10   0.01395      0.10
          53         126
    0     2000.00    1.000000      0.10   0.01339      0.10
 
    3     2000.00    1.000000      0.10   0.01282      0.10
          54         126          55         127          55         129
    4     2000.00    1.000000      0.10   0.01226      0.10
          54         125          55         128          56         128
          56         129
   15     2000.00    0.037763     12.54   0.01169      0.56
          54         124          55         124          55         125
          55         126          56         124          56         125
          56         126          56         127          57         127
          57         128          58         127          58         128
          59         127          60         127          61         127
    5     2000.00    0.060673     11.24   0.01113      0.52
          57         124          57         125          57         126
          58         126          59         126
    5     2000.00    0.034889     20.06   0.01056      0.78
          58         125          59         125          60         125
          60         126          61         126
