           8
    2      552.81    1.000000      0.10   0.01400      0.10
          58         111          59         112
    1     2000.00    1.000000      0.10   0.01385      0.10
          58         110
    4     2000.00    1.000000      0.10   0.01330      0.10
          60         113          61         113          62         113
          65         112
    9     2000.00    0.039965     41.21   0.01275      1.31
          57         108          60         112          61         112
          62         112          63         111          63         112
          63         113          64         111          64         112
   12     2000.00    0.076413     41.21   0.01220      1.31
          57         107          58         109          59         110
          59         111          60         111          61         111
          62         109          62         110          62         111
          63         110          65         111          66         111
   14     2000.00    0.045393     41.21   0.01165      1.31
          58         106          58         107          58         108
          59         105          59         108          59         109
          60         105          60         109          60         110
          61         108          61         109          61         110
          64         110          65         110
   12     2000.00    0.066928     15.51   0.01110      0.61
          59         106          59         107          60         106
          60         107          60         108          61         105
          61         107          62         108          63         108
          63         109          64         108          64         109
    6     2000.00    0.062270     23.87   0.01055      0.84
          61         106          62         105          62         106
          62         107          63         106          63         107
