           6
    9     1457.20    0.071094      3.87   0.01400      0.27
          71         119          72         116          72         117
          72         118          72         119          73         116
          73         117          73         118          73         119
    7     2000.00    0.074221      5.13   0.01349      0.32
          69         118          70         118          70         119
          71         112          71         116          71         117
          71         118
   21     2000.00    0.053826      6.33   0.01279      0.37
          68         110          68         111          68         112
          68         117          69         110          69         111
          69         112          69         116          69         117
          70         111          70         112          70         113
          70         114          70         115          70         116
          70         117          71         113          71         114
          71         115          72         114          72         115
   10     2000.00    0.070979      6.56   0.01209      0.38
          67         112          67         113          67         116
          68         113          68         114          68         115
          68         116          69         113          69         114
          69         115
    7     2000.00    0.043435      9.99   0.01140      0.50
          65         115          66         113          66         114
          66         115          67         111          67         114
          67         115
    5     2000.00    0.041201     13.53   0.01070      0.62
          64         113          64         114          65         113
          65         114          66         112
