          10
    4     1469.50    1.000000      0.10   0.01400      0.10
          66         125          67         125          67         126
          68         129
    7     2000.00    0.015852      5.53   0.01370      0.33
          65         126          66         126          66         127
          66         128          67         124          67         127
          67         128
   10     2000.00    0.023270      9.38   0.01329      0.49
          63         126          64         126          64         127
          64         128          65         125          65         127
          65         128          65         129          66         129
          69         129
    8     2000.00    0.021970      9.38   0.01288      0.49
          62         127          62         128          62         129
          63         127          63         128          63         129
          64         129          68         128
    3     2000.00    0.016231      9.38   0.01247      0.49
          61         128          62         126          67         129
    0     2000.00    1.000000      0.10   0.01205      0.10
 
    0     2000.00    1.000000      0.10   0.01164      0.10
 
    0     2000.00    1.000000      0.10   0.01123      0.10
 
    0     2000.00    1.000000      0.10   0.01082      0.10
 
    1     2000.00    1.000000      0.10   0.01041      0.10
          69         130
