           5
    4     1308.81    1.000000      0.10   0.01400      0.10
          54         129          54         130          59         134
          60         135
    9     2000.00    0.039333      3.96   0.01344      0.27
          55         130          56         130          56         131
          58         133          59         133          60         133
          60         134          61         133          61         134
    5     2000.00    0.033095     10.60   0.01258      0.50
          57         130          57         131          58         132
          59         132          60         132
    8     2000.00    0.016987     14.48   0.01172      0.63
          58         129          58         130          58         131
          59         130          59         131          60         130
          60         131          61         131
    8     2000.00    0.013879     19.51   0.01086      0.80
          57         129          59         128          59         129
          60         128          60         129          61         129
          61         130          62         130
