           5
    4     1007.61    0.120064      8.36   0.01400      0.45
          67         121          67         122          68         121
          68         122
   10     2000.00    0.069232      8.36   0.01355      0.45
          64         122          64         125          65         122
          66         121          66         122          66         123
          66         124          67         120          67         123
          68         123
    8     2000.00    0.041461      8.36   0.01266      0.45
          63         123          63         125          64         121
          64         123          64         124          65         121
          65         123          65         124
    5     2000.00    0.030152      8.36   0.01178      0.45
          62         123          62         124          62         125
          63         122          63         124
    3     2000.00    0.002016     17.18   0.01089      0.71
          61         123          61         124          61         125
