           6
    2      612.80    1.000000      0.10   0.01400      0.10
          47         132          47         133
   10     2000.00    1.000000      0.10   0.01377      0.10
          48         132          48         133          49         130
          49         131          49         132          49         133
          50         129          50         133          53         127
          54         127
   14     2000.00    0.027840      5.28   0.01302      0.33
          50         130          50         131          50         132
          51         128          51         129          51         130
          51         131          51         132          51         133
          52         127          52         128          52         129
          53         128          53         129
   10     2000.00    0.020786      4.67   0.01226      0.31
          49         129          52         130          52         131
          52         132          52         133          53         130
          53         131          53         132          53         133
          54         134
    8     2000.00    0.017553      8.82   0.01151      0.47
          50         128          54         131          54         132
          54         133          55         131          55         132
          55         133          55         134
    2     2000.00    0.016673     11.61   0.01075      0.56
          52         126          56         132
