           5
    5     1350.80    1.000000      0.10   0.01400      0.10
          51         135          51         136          57         139
          58         139          58         140
   15     2000.00    0.025667      5.27   0.01342      0.33
          51         134          52         134          52         135
          52         136          53         134          53         135
          53         136          57         138          58         135
          58         136          58         137          58         138
          59         135          59         136          59         137
    4     2000.00    0.014142      5.56   0.01257      0.34
          54         135          57         135          57         136
          57         137
    6     2000.00    0.021313      6.47   0.01171      0.38
          55         135          56         134          56         135
          56         136          57         134          58         134
    3     2000.00    0.020545      9.20   0.01086      0.48
          56         133          57         132          57         133
