           9
    3      996.91    1.000000      0.10   0.01400      0.10
          56         122          56         123          68         120
    0     2000.00    1.000000      0.10   0.01377      0.10
 
    6     2000.00    0.021235     30.81   0.01329      1.08
          56         116          56         117          57         121
          57         122          57         123          60         124
    8     2000.00    0.017994     30.81   0.01282      1.08
          56         120          57         116          57         119
          58         122          58         123          58         124
          59         124          60         123
   20     2000.00    0.050749     21.89   0.01235      0.81
          57         117          57         118          57         120
          58         114          58         115          58         116
          58         117          58         118          58         119
          58         120          58         121          59         121
          59         122          59         123          60         122
          61         122          62         122          63         121
          66         120          69         119
   27     2000.00    0.052449     14.59   0.01188      0.60
          59         114          59         115          59         116
          59         117          59         118          59         119
          59         120          60         114          60         119
          60         120          60         121          61         120
          61         121          62         120          62         121
          63         120          64         119          64         120
          65         119          65         120          66         119
          67         117          67         118          67         119
          68         118          68         119          69         120
   15     2000.00    0.064778     13.72   0.01141      0.57
          60         115          60         116          60         117
          60         118          61         118          61         119
          62         118          62         119          63         118
          63         119          64         118          65         118
          66         116          66         117          66         118
   11     2000.00    0.064721     15.02   0.01094      0.61
          61         114          61         115          61         116
          61         117          62         116          62         117
          63         117          64         116          64         117
          65         116          65         117
    6     2000.00    0.042466     25.66   0.01047      0.91
          62         114          62         115          63         114
          63         115          63         116          64         115
