          18
    2     1952.69    1.000000      0.10   0.01400      0.10
          48          90          49          87
    2     2000.00    1.000000      0.10   0.01378      0.10
          48          89          49          93
    4     2000.00    1.000000      0.10   0.01356      0.10
          48          88          49          92          49          94
          49          95
    2     2000.00    1.000000      0.10   0.01334      0.10
          49          91          52          87
    2     2000.00    1.000000      0.10   0.01312      0.10
          49          97          51          87
   10     2000.00    0.052563     11.88   0.01289      0.57
          49          88          49          89          49          90
          49          96          50          87          50          88
          50          89          51          88          51          89
          52          88
    5     2000.00    0.104649     11.88   0.01267      0.57
          50          90          50          91          51          90
          51          91          52          89
    7     2000.00    0.068485     11.88   0.01245      0.57
          50          92          50          93          50          94
          51          92          51          93          52          92
          52          93
   15     2000.00    0.093242     11.88   0.01223      0.57
          50          95          50          96          50          97
          50         100          51          94          51          95
          51          96          51          97          52          90
          52          91          52          94          52          95
          53          88          54          88          55          88
   19     2000.00    0.135327     11.62   0.01200      0.56
          50          98          50          99          51         101
          52          96          52          97          53          89
          53          90          53          91          53          94
          53          95          53          96          53          97
          54          89          54          90          55          89
          55          90          56          89          56          90
          56          91
   20     2000.00    0.096590     11.08   0.01178      0.55
          51          98          51          99          51         100
          52          98          52          99          52         102
          52         103          53          92          53          93
          53          98          54          91          54          92
          54          97          54          98          54          99
          55          91          55          92          56          92
          56          93          57          93
   19     2000.00    0.110358     10.50   0.01156      0.52
          52         100          52         101          53          99
          53         100          53         101          53         105
          54          93          54          94          54          95
          54          96          54         100          55          93
          55          94          55          99          55         100
          55         101          56          94          56         101
          57          94
   17     2000.00    0.102232     13.40   0.01134      0.62
          53         102          53         103          53         104
          53         106          54         101          54         102
          54         103          55          95          55          96
          55          97          55          98          55         102
          56          95          56         100          56         102
          57          95          58          95
   18     2000.00    0.093428     21.98   0.01111      0.78
          54         104          54         105          54         106
          55         103          55         104          56          96
          56          97          56          98          56          99
          56         103          56         107          57          96
          57          97          57         102          58          96
          58          97          59          97          59          98
   15     2000.00    0.087635     38.04   0.01089      1.16
          55         105          55         106          56         104
          56         105          56         106          57          98
          57          99          57         100          57         101
          57         103          57         106          58          98
          58          99          59          99          60          98
   17     2000.00    0.086554     40.90   0.01067      1.20
          57         104          57         105          58         100
          58         101          58         102          58         103
          58         104          58         105          59         100
          59         101          60          99          60         100
          61          98          61          99          61         100
          62          99          62         100
   12     2000.00    0.029964     39.70   0.01045      1.16
          59         102          59         103          59         104
          60         101          60         102          60         103
          60         104          61         101          61         102
          62         101          62         102          62         103
    3     2000.00    0.203642     57.02   0.01022      1.51
          61         103          61         104          62         104
