          16
    1       64.00    1.000000      0.10   0.01400      0.10
          39         125
    8     2000.00    0.032531      9.15   0.01399      0.48
          39         126          40         125          40         126
          40         127          41         125          41         126
          41         127          42         128
   16     2000.00    0.025008      9.15   0.01373      0.48
          39         123          39         124          40         123
          40         124          41         124          42         124
          42         125          42         126          42         127
          43         124          43         125          43         126
          43         127          44         126          44         127
          51         127
   18     2000.00    0.034563      7.14   0.01346      0.40
          40         122          41         122          41         123
          42         122          42         123          43         123
          44         124          44         125          45         125
          45         126          45         127          46         125
          46         126          46         127          46         128
          47         128          47         129          48         129
   18     2000.00    0.047569      7.26   0.01319      0.41
          43         122          44         122          44         123
          45         123          45         124          46         123
          46         124          47         125          47         126
          47         127          48         127          48         128
          49         127          49         128          50         126
          50         127          51         125          51         126
   25     2000.00    0.036465      7.88   0.01293      0.42
          43         121          44         121          45         121
          45         122          46         121          46         122
          47         120          47         121          47         122
          47         123          47         124          48         119
          48         120          48         125          48         126
          49         125          49         126          50         123
          50         124          50         125          51         123
          51         124          52         125          53         125
          55         123
   26     2000.00    0.030517     12.71   0.01266      0.59
          44         119          44         120          45         119
          45         120          46         119          46         120
          47         118          47         119          48         118
          48         121          48         122          48         123
          48         124          49         123          49         124
          50         122          51         122          52         123
          52         124          53         123          53         124
          54         122          54         123          55         121
          55         122          56         121
   23     2000.00    0.041721      9.20   0.01239      0.47
          44         118          45         117          45         118
          46         117          46         118          47         117
          48         117          49         119          49         120
          49         121          49         122          50         121
          51         121          52         121          52         122
          53         121          53         122          54         119
          54         120          54         121          55         116
          55         119          55         120
   30     2000.00    0.037916      9.54   0.01213      0.48
          44         115          44         116          45         114
          45         115          45         116          46         113
          46         114          46         115          46         116
          47         116          48         116          49         117
          49         118          50         118          50         119
          50         120          51         119          51         120
          52         119          52         120          53         118
          53         119          53         120          54         116
          54         117          54         118          55         117
          55         118          56         118          56         119
   21     2000.00    0.075443     10.33   0.01186      0.50
          45         113          46         112          47         112
          47         113          47         114          47         115
          48         113          48         115          49         115
          49         116          50         112          50         116
          50         117          51         117          51         118
          52         117          52         118          53         116
          53         117          55         115          56         115
   16     2000.00    0.055077     10.51   0.01160      0.50
          48         114          49         112          49         113
          49         114          50         113          50         114
          50         115          51         115          51         116
          52         115          52         116          53         115
          54         114          54         115          55         114
          57         115
   14     2000.00    0.041323     20.56   0.01133      0.82
          51         112          51         113          51         114
          52         113          52         114          53         113
          53         114          54         113          55         113
          56         113          56         114          57         114
          58         113          59         113
    9     2000.00    0.044943     21.39   0.01106      0.81
          52         111          52         112          53         112
          54         112          55         112          56         112
          57         112          57         113          58         112
   11     2000.00    0.056468     19.89   0.01080      0.77
          52         110          53         110          53         111
          54         110          54         111          55         110
          55         111          56         110          56         111
          57         110          57         111
    5     2000.00    0.034358     20.22   0.01053      0.78
          54         109          55         109          56         108
          56         109          57         109
    4     2000.00    0.037911     30.62   0.01027      1.07
          54         107          54         108          55         107
          55         108
