           4
    1     1000.00    1.000000      0.10   0.01400      0.10
          50         111
    3     2000.00    1.000000      0.10   0.01343      0.10
          50         110          51         110          51         111
    5     2000.00    0.027247     21.09   0.01229      0.76
          51         108          51         109          52         106
          52         109          53         109
    4     2000.00    0.020268     43.96   0.01114      1.26
          52         107          52         108          53         107
          53         108
