          17
   11     1692.30    1.000000      0.10   0.01400      0.10
          21         103          22         100          22         101
          22         103          22         104          22         105
          23          99          23         100          23         104
          24          99          24         100
   23     2000.00    0.127872      3.97   0.01380      0.27
          22         102          22         106          23         101
          23         102          23         103          23         105
          23         106          23         107          23         108
          23         109          24         101          24         102
          24         104          24         105          24         106
          24         110          24         111          25          99
          25         100          25         101          25         110
          26          99          26         100
   19     2000.00    0.142736      4.98   0.01356      0.32
          24         103          24         107          24         108
          24         109          24         112          25         102
          25         103          25         104          25         105
          25         106          25         107          25         108
          25         109          25         111          26         101
          26         102          26         109          26         110
          27         101
   25     2000.00    0.066847      7.63   0.01332      0.42
          25         112          25         113          26         103
          26         104          26         105          26         106
          26         107          26         108          26         111
          26         112          27         102          27         103
          27         104          27         105          27         106
          27         107          27         108          28         102
          28         103          29         101          29         102
          30         100          30         101          30         102
          31         100
   21     2000.00    0.058748      8.73   0.01309      0.46
          26         113          27         109          27         110
          27         111          27         112          27         113
          27         114          28         104          28         105
          28         106          28         107          28         108
          28         113          29         103          29         104
          30         103          30         104          31         101
          31         102          31         103          32         102
   28     2000.00    0.040441      8.13   0.01285      0.44
          28         109          28         110          28         111
          28         112          28         114          29         105
          29         106          29         107          29         108
          29         109          29         110          29         111
          29         112          29         113          29         114
          29         115          30         105          30         106
          30         107          30         108          30         113
          31         104          31         105          32         103
          32         104          32         118          33         104
          34         120
   39     2000.00    0.049490      9.43   0.01261      0.48
          30         109          30         110          30         111
          30         112          30         114          30         115
          31         106          31         107          31         108
          31         109          31         110          31         111
          31         112          31         113          31         114
          31         115          32         105          32         106
          32         107          32         108          32         113
          32         116          32         117          33         105
          33         106          33         117          33         118
          33         119          34         105          34         118
          34         119          35         118          35         119
          36         119          37         119          37         120
          38         119          38         120          39         122
   32     2000.00    0.032405      8.15   0.01237      0.43
          32         109          32         110          32         111
          32         112          32         114          32         115
          33         107          33         108          33         109
          33         110          33         111          33         112
          33         113          33         115          33         116
          34         106          34         107          34         108
          34         116          34         117          35         106
          35         107          35         116          35         117
          36         117          36         118          37         117
          37         118          38         118          39         121
          40         121          41         121
   30     2000.00    0.053603      8.57   0.01214      0.45
          33         114          34         109          34         110
          34         111          34         112          34         113
          34         114          34         115          35         108
          35         109          35         110          35         111
          35         112          35         113          35         114
          35         115          36         107          36         108
          36         115          36         116          37         108
          37         116          38         117          39         119
          39         120          40         120          41         120
          42         120          42         121          43         120
   29     2000.00    0.047426      8.93   0.01190      0.47
          36         109          36         110          36         111
          36         112          36         113          36         114
          37         109          37         110          37         111
          37         114          37         115          38         108
          38         109          38         115          38         116
          39         109          39         116          39         117
          39         118          40         118          40         119
          41         117          41         118          41         119
          42         117          42         118          42         119
          43         118          43         119
   25     2000.00    0.047318      9.04   0.01166      0.46
          37         112          37         113          38         110
          38         111          38         112          38         113
          38         114          39         110          39         111
          39         113          39         114          39         115
          40         109          40         110          40         114
          40         115          40         116          40         117
          41         108          41         116          42         106
          42         116          43         116          43         117
          44         117
   19     2000.00    0.035033     10.12   0.01142      0.48
          39         112          40         111          40         112
          40         113          41         109          41         110
          41         111          41         113          41         114
          41         115          42         107          42         108
          42         109          42         110          42         114
          42         115          43         106          43         115
          44         114
   13     2000.00    0.023909     13.43   0.01119      0.58
          41         112          42         111          42         112
          42         113          43         107          43         108
          43         109          43         110          43         111
          43         113          43         114          44         107
          44         113
    9     2000.00    0.028305     16.73   0.01095      0.64
          43         112          44         108          44         109
          44         110          44         111          44         112
          45         107          45         112          48         112
   11     2000.00    0.034285     28.01   0.01071      0.97
          45         108          45         109          45         110
          45         111          46         108          46         110
          46         111          47         110          47         111
          48         111          49         111
    8     2000.00    0.014036     26.82   0.01047      0.92
          46         109          47         107          47         108
          47         109          48         107          48         109
          48         110          49         110
    6     2000.00    0.019452     38.09   0.01024      1.24
          48         108          49         107          49         108
          49         109          50         108          50         109
