           8
    2      773.59    1.000000      0.10   0.01400      0.10
          26          95          27          95
    6     2000.00    1.000000      0.10   0.01379      0.10
          27          96          28          95          28          96
          29          94          29          95          29          96
    4     2000.00    0.067803      6.90   0.01325      0.40
          30          94          30          95          30          96
          31          93
    6     2000.00    0.062725      6.90   0.01271      0.40
          31          94          32          93          32          94
          38          87          39          86          41          86
   14     2000.00    0.068807      6.39   0.01217      0.38
          33          92          33          93          33          94
          34          91          34          92          34          93
          35          93          36          93          37          93
          38          88          39          87          40          86
          40          87          41          87
    7     2000.00    0.067954      6.71   0.01162      0.39
          35          90          35          91          35          92
          36          91          36          92          39          88
          40          88
    6     2000.00    0.115055     11.25   0.01108      0.53
          36          89          36          90          37          89
          37          90          37          92          38          89
    3     2000.00    0.086309     21.56   0.01054      0.85
          37          91          38          92          38          93
