           4
    2     1900.30    1.000000      0.10   0.01400      0.10
          45          92          46          92
    7     2000.00    1.000000      0.10   0.01304      0.10
          43          92          43          93          44          92
          44          93          45          93          45          94
          46          93
    9     2000.00    0.059301      4.60   0.01203      0.30
          38          94          40          93          41          92
          41          93          42          92          42          93
          43          94          44          94          44          95
    8     2000.00    0.055658     13.97   0.01101      0.59
          39          94          40          94          40          95
          41          94          41          95          42          94
          42          95          43          95
