           7
    1     1480.00    1.000000      0.10   0.01400      0.10
          33         103
    0     2000.00    1.000000      0.10   0.01356      0.10
 
    7     2000.00    0.100154      6.40   0.01297      0.38
          34         104          35         103          35         104
          35         105          36         103          36         105
          36         106
   11     2000.00    0.086639      6.40   0.01237      0.38
          36         104          37         103          37         104
          37         105          37         106          37         107
          38         103          38         105          38         106
          38         107          39         103
   10     2000.00    0.068210      6.15   0.01178      0.37
          38         104          39         104          39         105
          39         106          39         107          39         108
          40         103          40         107          40         108
          41         107
    8     2000.00    0.063613      6.08   0.01119      0.37
          40         104          40         105          40         106
          41         105          41         106          42         105
          43         105          44         105
    5     2000.00    0.037029     10.86   0.01059      0.54
          41         103          41         104          42         103
          42         104          43         104
