           9
    2      160.50    1.000000      0.10   0.01400      0.10
          26          96          26          97
    4     2000.00    1.000000      0.10   0.01396      0.10
          26          98          27          97          27          99
          28          97
    6     2000.00    0.108963     10.09   0.01347      0.51
          27          98          27         100          28          98
          28          99          28         100          28         101
    9     2000.00    0.060888      9.30   0.01297      0.48
          29          97          29          98          29          99
          29         100          30          97          30          98
          30          99          31          95          31          96
    7     2000.00    0.066763     10.09   0.01248      0.51
          31          97          31          98          31          99
          32          97          32          98          32          99
          34          94
    9     2000.00    0.031285     10.09   0.01198      0.51
          32          95          32          96          33          95
          33          96          33          97          33          98
          34          97          34          98          35          98
   12     2000.00    0.041401      7.83   0.01149      0.42
          34          95          34          96          35          94
          35          95          35          96          35          97
          35          99          36          94          36          96
          36          97          36          98          37          94
    4     2000.00    0.074852      8.92   0.01099      0.46
          36          95          37          95          37          96
          37          97
    4     2000.00    0.040105     13.18   0.01050      0.61
          38          95          38          96          39          95
          39          96
