           7
    3      429.59    1.000000      0.10   0.01400      0.10
          42          86          46          86          47          87
    6     2000.00    0.078360      8.77   0.01386      0.47
          43          86          45          86          45          87
          46          87          46          88          47          88
    8     2000.00    0.116864      8.77   0.01322      0.47
          42          87          44          86          44          87
          45          88          45          89          46          89
          47          89          47          90
   10     2000.00    0.069645      7.70   0.01257      0.43
          41          88          43          87          43          88
          43          89          44          88          44          89
          45          90          45          91          46          90
          46          91
   10     2000.00    0.045374      7.29   0.01193      0.41
          39          89          40          89          41          89
          42          88          42          89          42          90
          43          90          43          91          44          90
          44          91
    8     2000.00    0.062692     11.81   0.01129      0.55
          38          90          38          91          39          90
          40          90          40          91          41          90
          41          91          42          91
    4     2000.00    0.038918     11.43   0.01064      0.54
          39          91          39          92          39          93
          40          92
