           7
    2     1235.70    1.000000      0.10   0.01400      0.10
          40          83          41          83
    3     2000.00    1.000000      0.10   0.01363      0.10
          31          86          32          86          42          83
    4     2000.00    0.043948      7.85   0.01302      0.43
          35          85          42          84          42          85
          43          85
    5     2000.00    0.019275      7.85   0.01242      0.43
          38          85          39          84          40          84
          41          84          41          85
    4     2000.00    0.017193      7.85   0.01181      0.43
          33          86          37          85          39          85
          40          85
    8     2000.00    0.032317      7.85   0.01121      0.43
          32          87          33          87          35          86
          36          85          36          86          37          86
          37          87          38          86
    6     2000.00    0.049449      7.24   0.01060      0.41
          34          87          35          87          35          88
          36          87          36          88          37          88
