           9
    2      440.50    1.000000      0.10   0.01400      0.10
          47          91          48          91
    7     2000.00    0.146920      8.52   0.01389      0.46
          32         100          32         101          33          99
          47          92          47          93          48          92
          48          93
    7     2000.00    0.061057      8.52   0.01341      0.46
          33         100          33         102          34          99
          36          99          47          94          48          94
          48          95
   14     2000.00    0.055452      8.52   0.01292      0.46
          33         101          34         100          34         102
          34         103          35         100          36         100
          37          98          45          95          46          94
          46          95          46          96          46          97
          47          95          47          96
   10     2000.00    0.049611      8.21   0.01243      0.45
          34         101          35         101          35         102
          36         101          36         102          37          99
          44          96          44          97          45          96
          45          97
   13     2000.00    0.099080     13.18   0.01195      0.59
          37         100          37         101          37         102
          38          97          38          98          38         102
          39         102          40          96          41          96
          42          96          42          97          43          96
          43          97
   16     2000.00    0.062017     15.58   0.01146      0.65
          38          99          38         100          38         101
          39          97          39          98          39          99
          39         100          39         101          40          97
          40          98          41          97          41          98
          42          98          43          98          44          98
          45          98
    8     2000.00    0.039346     12.57   0.01097      0.53
          40          99          40         100          40         101
          40         102          41          99          42          99
          43          99          44          99
    6     2000.00    0.044210     29.46   0.01049      0.99
          41         100          41         101          41         102
          42         100          42         101          42         102
