           8
    1      974.91    0.037324      5.97   0.01400      0.36
          29          88
    0     2000.00    1.000000      0.10   0.01374      0.10
 
   12     2000.00    0.051382      5.97   0.01321      0.36
          24          89          24          90          24          91
          25          89          25          90          25          91
          25          92          26          89          26          91
          26          92          26          94          27          89
   10     2000.00    0.047221      5.97   0.01267      0.36
          26          90          26          93          27          90
          27          91          27          92          27          93
          27          94          28          89          28          93
          28          94
   12     2000.00    0.060024      5.65   0.01214      0.35
          28          90          28          91          28          92
          29          89          29          90          29          91
          29          92          29          93          30          88
          30          92          30          93          31          87
    7     2000.00    0.072555      5.43   0.01160      0.34
          30          89          30          90          30          91
          31          90          31          91          31          92
          32          92
   10     2000.00    0.048307      6.31   0.01107      0.37
          31          88          31          89          32          88
          32          89          32          90          32          91
          33          88          33          89          33          90
          33          91
    4     2000.00    0.061337      6.12   0.01053      0.36
          34          88          34          89          34          90
          35          89
