          10
    1     1200.91    1.000000      0.10   0.01400      0.10
          48          96
    1     2000.00    1.000000      0.10   0.01375      0.10
          47          97
    2     2000.00    1.000000      0.10   0.01333      0.10
          46          98          48          97
    5     2000.00    0.081545      5.95   0.01292      0.36
          45          99          46          99          47          98
          47          99          48          98
   13     2000.00    0.086870      5.09   0.01250      0.32
          43         100          43         101          43         103
          44         100          44         101          44         104
          44         106          45         100          46         100
          47         100          47         101          48          99
          49          98
   11     2000.00    0.037164     21.17   0.01208      0.78
          43         102          44         102          44         103
          45         101          45         102          45         105
          46         101          46         102          48         100
          49          99          49         100
   13     2000.00    0.084001     19.44   0.01167      0.73
          45         103          45         104          45         106
          46         103          46         106          46         107
          47         102          47         103          48         101
          48         102          48         103          49         101
          50         101
   14     2000.00    0.080301     21.89   0.01125      0.79
          46         104          46         105          47         104
          47         105          47         106          48         104
          49         102          49         103          49         104
          50         102          50         103          51         102
          51         103          51         104
    9     2000.00    0.055398     29.23   0.01083      0.98
          48         105          48         106          49         105
          49         106          50         104          50         105
          51         105          52         104          52         105
    4     2000.00    0.032622     32.78   0.01042      1.07
          50         106          50         107          51         106
          51         107
