          26
    1      572.09    1.000000      0.10   0.01400      0.10
          70          79
    0     2000.00    1.000000      0.10   0.01395      0.10
 
    2     2000.00    1.000000      0.10   0.01380      0.10
          69          82          70          80
    0     2000.00    1.000000      0.10   0.01364      0.10
 
    0     2000.00    1.000000      0.10   0.01348      0.10
 
    1     2000.00    1.000000      0.10   0.01332      0.10
          70          85
    0     2000.00    1.000000      0.10   0.01316      0.10
 
    1     2000.00    1.000000      0.10   0.01301      0.10
          70          81
    3     2000.00    1.000000      0.10   0.01285      0.10
          69          83          69          84          71          86
    2     2000.00    1.000000      0.10   0.01269      0.10
          76          76         100          61
    5     2000.00    1.000000      0.10   0.01253      0.10
          70          82          70          83          70          84
          71          79          73          78
   21     2000.00    0.107458      6.30   0.01237      0.37
          71          80          71          81          71          82
          71          83          71          84          71          85
          72          79          72          80          72          81
          72          82          72          83          72          84
          72          85          72          86          73          81
          73          85          73          86          74          86
          75          77          94          64          95          62
   28     2000.00    0.090571      5.95   0.01221      0.36
          73          79          73          80          73          82
          73          83          73          84          74          78
          74          79          74          81          74          82
          74          83          74          84          74          85
          75          84          75          85          76          77
          76          85          77          76          93          65
          97          63          98          63          99          62
         100          62         101          62         102          63
         102          64         102          65         103          64
         103          65
   27     2000.00    0.111592      6.35   0.01206      0.37
          74          80          75          78          75          79
          75          80          75          81          75          82
          75          83          76          78          76          80
          76          81          76          82          76          83
          76          84          77          77          77          84
          78          77          95          63          99          63
         100          63         100          64         100          65
         101          63         101          64         101          65
         101          66         102          66         104          66
   41     2000.00    0.068317      7.37   0.01190      0.41
          76          79          77          78          77          79
          77          80          77          81          77          82
          77          83          77          85          78          78
          78          79          78          80          78          81
          78          83          78          84          78          85
          79          77          79          78          79          84
          79          85          80          77          80          78
          80          84          80          85          81          77
          81          78          81          84          81          85
          92          66          95          64          96          63
          97          64          97          65          98          64
          98          65          99          64          99          65
          99          66          99          67         100          66
         100          67         102          62
   34     2000.00    0.051754      7.71   0.01174      0.42
          78          82          79          79          79          80
          79          81          79          82          79          83
          80          79          80          82          80          83
          81          79          81          82          81          83
          82          83          82          84          83          76
          93          66          94          65          94          66
          95          65          95          66          96          64
          96          65          96          66          96          69
          97          66          97          67          97          68
          97          69          98          66          98          67
          98          68          98          69          99          68
         101          67
   29     2000.00    0.043088     12.76   0.01158      0.59
          80          80          80          81          81          80
          81          81          82          78          82          79
          82          80          82          82          82          85
          83          77          83          78          83          79
          83          83          83          84          83          85
          84          85          90          68          90          69
          91          67          92          67          93          67
          94          67          95          67          95          68
          95          69          96          67          96          68
          96          70          97          70
   27     2000.00    0.050261     12.07   0.01142      0.55
          82          81          83          80          83          81
          83          82          84          76          84          77
          84          78          84          79          84          82
          84          83          84          84          85          75
          85          78          85          83          85          84
          90          70          90          71          91          68
          91          69          92          68          92          69
          93          68          94          68          94          69
          95          70          95          71          99          69
   30     2000.00    0.055689     11.09   0.01127      0.52
          84          80          84          81          85          76
          85          77          85          79          85          80
          85          81          85          82          86          75
          86          76          86          77          86          79
          86          81          86          82          90          72
          91          70          91          71          92          70
          93          69          93          70          93          71
          94          70          94          71          94          72
          95          72          96          71          98          70
          99          70         100          68         100          69
   29     2000.00    0.082042     53.33   0.01111      1.31
          86          78          86          80          87          74
          87          75          87          76          87          77
          87          78          87          79          87          80
          87          81          88          74          88          75
          88          76          88          77          88          78
          89          73          90          73          91          72
          92          71          92          72          93          72
          93          73          94          73          95          73
          96          72          98          71          99          71
         100          70         100          71
   23     2000.00    0.056066     27.21   0.01095      0.84
          88          79          88          80          89          74
          89          75          89          76          89          77
          89          78          89          79          89          80
          90          74          91          73          91          74
          92          73          92          74          96          73
          97          71          97          72          98          72
          98          73          99          72          99          73
         100          72         100          73
   22     2000.00    0.061505     45.05   0.01079      1.17
          90          75          90          76          90          77
          90          78          90          79          91          75
          91          76          91          77          91          78
          91          79          92          75          93          74
          94          74          95          74          96          74
          96          75          97          73          97          74
          98          74          98          75          99          74
          99          75
   12     2000.00    0.116731     48.89   0.01063      1.17
          92          76          92          77          92          78
          93          75          93          76          94          75
          95          75          97          75          97          76
          98          76          99          76          99          77
   14     2000.00    0.030919     66.40   0.01047      1.53
          93          77          93          78          94          76
          94          77          94          78          95          76
          95          77          96          76          96          77
          97          77          97          78          98          77
          98          78          99          78
   10     2000.00    0.028757     90.49   0.01032      1.90
          94          79          95          78          95          79
          95          80          96          78          96          79
          97          79          98          79          99          79
          99          80
    5     2000.00    0.011712     89.81   0.01016      1.87
          96          80          96          81          97          80
          97          81          98          80
