          39
    1     1761.41    1.000000      0.10   0.01400      0.10
          65          25
    0     2000.00    1.000000      0.10   0.01391      0.10
 
    1     2000.00    1.000000      0.10   0.01381      0.10
          60          26
    0     2000.00    1.000000      0.10   0.01370      0.10
 
    2     2000.00    1.000000      0.10   0.01360      0.10
          59          27          60          30
    1     2000.00    1.000000      0.10   0.01350      0.10
          61          26
    0     2000.00    1.000000      0.10   0.01340      0.10
 
    1     2000.00    1.000000      0.10   0.01329      0.10
          60          29
    0     2000.00    1.000000      0.10   0.01319      0.10
 
    4     2000.00    1.000000      0.10   0.01309      0.10
          61          31          68          27          68          28
          69          28
   15     2000.00    0.024584      4.37   0.01298      0.29
          60          27          60          28          61          27
          61          28          62          26          63          26
          64          26          65          26          66          26
          66          27          66          28          67          26
          67          27          67          28          68          29
   18     2000.00    0.022997      5.06   0.01288      0.32
          60          33          61          29          61          30
          61          32          62          27          62          28
          62          29          62          30          63          27
          64          27          65          27          65          28
          65          29          66          29          67          29
          67          42          69          33          70          33
   23     2000.00    0.030667      6.74   0.01278      0.38
          60          34          62          31          62          32
          63          28          63          29          63          30
          63          31          63          39          64          28
          64          29          64          40          65          30
          66          30          67          30          67          31
          67          33          68          30          68          31
          68          32          68          33          68          46
          69          31          69          32
   17     2000.00    0.037443      7.80   0.01267      0.42
          61          33          61          34          61          35
          62          33          62          35          62          37
          63          32          63          33          64          30
          64          31          64          32          65          31
          66          31          66          32          66          33
          67          32          70          34
   17     2000.00    0.040877      9.30   0.01257      0.47
          62          34          62          36          63          34
          63          35          63          38          64          33
          64          34          65          32          65          33
          65          40          66          34          67          34
          68          34          68          43          69          34
          69          48          70          50
   16     2000.00    0.068103      9.18   0.01247      0.46
          63          36          63          37          64          35
          64          36          65          34          65          35
          66          35          66          36          67          35
          67          36          67          41          68          35
          68          44          68          45          69          35
          70          35
   19     2000.00    0.090374     13.05   0.01237      0.59
          64          37          64          38          64          39
          65          36          65          37          65          38
          65          39          66          37          67          37
          68          36          68          37          69          36
          69          37          69          47          70          36
          70          37          71          36          71          37
          71          53
   11     2000.00    0.065675      9.67   0.01226      0.47
          66          38          66          39          66          40
          67          38          68          38          69          38
          70          38          70          39          71          38
          71          39          72          37
   13     2000.00    0.092104     14.68   0.01216      0.63
          67          39          67          40          68          39
          68          40          69          39          69          40
          70          40          70          49          71          40
          72          38          72          52          73          38
          74          38
   17     2000.00    0.090518     17.83   0.01206      0.73
          68          41          68          42          69          41
          69          42          69          43          69          45
          69          46          70          41          71          41
          72          39          72          40          72          41
          73          39          74          39          74          40
          75          38          75          39
   25     2000.00    0.082872     11.64   0.01195      0.53
          69          44          70          42          70          43
          70          44          70          45          70          46
          71          42          71          45          71          46
          72          42          72          46          72          51
          73          40          73          41          74          41
          75          40          75          41          76          39
          76          40          77          39          77          40
          77          41          78          40          78          41
          78          42
   22     2000.00    0.085054      9.28   0.01185      0.46
          70          47          70          48          71          43
          71          44          71          47          71          50
          72          43          72          44          72          45
          72          47          73          42          73          43
          74          42          74          43          74          44
          75          42          75          43          75          44
          76          41          76          42          77          42
          77          43
   17     2000.00    0.148980     13.06   0.01175      0.57
          71          48          71          49          72          48
          73          44          73          45          73          46
          73          47          73          48          74          45
          74          46          74          47          74          48
          75          45          76          43          76          44
          77          44          78          44
   20     2000.00    0.148430     10.17   0.01165      0.50
          72          49          72          50          73          49
          73          50          74          49          74          50
          75          46          75          47          75          48
          75          49          76          45          76          46
          77          45          77          46          78          45
          78          46          79          44          79          45
          80          45          82          47
   30     2000.00    0.117801     16.56   0.01154      0.67
          72          53          72          54          73          51
          73          52          73          53          74          51
          74          52          74          55          75          50
          75          51          75          52          76          47
          76          48          76          49          76          50
          76          51          77          47          77          48
          77          49          77          50          78          47
          79          46          79          47          80          46
          80          47          81          46          81          47
          82          46          83          47          84          47
   34     2000.00    0.152962      8.59   0.01144      0.43
          73          54          74          53          74          54
          75          53          75          56          75          60
          76          52          76          53          77          51
          77          52          78          48          78          49
          78          50          78          51          78          52
          79          48          80          48          81          48
          82          48          83          48          84          48
          84          49          85          48          85          49
          85          50          86          49          86          50
          87          49          87          50          87          51
          87          52          88          50          88          51
          89          51
   37     2000.00    0.091577     11.61   0.01134      0.52
          75          54          75          55          75          57
          75          58          75          59          76          54
          76          55          77          53          77          54
          77          55          77          56          78          53
          78          54          78          55          79          49
          79          50          79          51          79          52
          80          49          80          50          80          51
          81          49          81          50          82          49
          82          50          83          49          83          50
          83          51          84          50          84          51
          85          51          85          52          86          51
          86          52          86          53          87          53
          88          52
   47     2000.00    0.088172     11.89   0.01123      0.53
          76          56          76          57          77          57
          77          62          78          56          78          57
          78          64          79          53          79          54
          79          55          79          56          79          57
          80          52          80          53          80          54
          80          55          81          51          81          52
          82          51          82          52          83          52
          84          52          84          53          85          53
          89          52          90          52          90          53
          90          54          90          55          91          53
          91          54          91          55          92          54
          93          54          93          55          94          55
          94          56          94          58          95          55
          95          56          95          57          95          58
          96          56          96          57          96          58
          97          58          99          60
   51     2000.00    0.099573      9.89   0.01113      0.48
          76          58          76          59          76          60
          77          58          77          59          77          61
          78          58          78          63          79          58
          80          56          80          57          80          58
          81          53          81          54          81          55
          81          56          81          57          81          58
          82          53          82          54          83          53
          85          54          86          54          87          54
          88          53          88          54          89          53
          89          54          89          55          89          56
          91          56          92          55          92          56
          92          58          92          59          93          56
          93          57          93          58          93          59
          94          57          94          59          96          59
          97          59          97          60          97          61
          97          62          98          59          98          60
          98          61          98          62          99          61
   47     2000.00    0.054052     15.50   0.01103      0.65
          76          65          77          60          78          59
          78          60          78          61          78          62
          78          65          79          59          79          62
          79          63          79          64          80          59
          81          59          82          55          82          56
          82          57          82          58          83          54
          83          55          83          56          84          54
          84          55          85          55          86          55
          87          55          87          56          87          57
          88          55          88          56          88          57
          89          57          90          56          90          57
          91          57          91          58          91          59
          91          60          92          57          93          60
          94          60          95          59          95          60
          95          61          96          60          96          61
          97          57          99          59
   41     2000.00    0.036027     14.27   0.01093      0.62
          79          60          79          61          79          65
          80          60          80          61          80          62
          80          63          80          64          81          60
          82          59          82          60          82          67
          83          57          83          58          83          59
          84          56          84          57          85          56
          85          57          86          56          86          57
          87          58          88          58          89          58
          89          59          89          60          90          58
          90          59          90          60          90          61
          91          61          92          60          92          61
          93          61          93          62          93          63
          93          64          94          61          94          62
          94          63          96          62
   32     2000.00    0.077515     16.65   0.01082      0.68
          80          65          80          66          81          61
          81          62          81          63          81          64
          81          65          81          66          81          67
          82          61          82          62          82          63
          82          66          83          60          83          61
          84          58          84          59          84          60
          85          58          85          59          86          58
          86          59          87          59          88          59
          88          60          89          61          90          62
          91          62          91          64          92          62
          92          63          92          64
   25     2000.00    0.101229     16.44   0.01072      0.68
          82          64          82          65          83          62
          83          63          83          64          83          65
          83          66          84          61          84          62
          85          60          85          61          86          60
          86          61          87          60          87          61
          88          61          88          62          89          62
          89          63          90          63          90          64
          90          65          91          63          91          65
          92          65
   18     2000.00    0.044187     18.20   0.01062      0.72
          83          67          83          68          84          63
          84          64          84          65          84          66
          85          62          85          63          85          64
          86          62          86          63          87          62
          87          63          88          63          88          64
          88          65          89          64          89          65
   15     2000.00    0.026185     36.22   0.01051      1.15
          84          67          84          68          84          69
          85          65          85          66          85          67
          85          68          86          64          86          65
          86          66          87          64          87          65
          89          66          90          66          91          66
   10     2000.00    0.036216     37.72   0.01041      1.15
          84          70          85          69          86          67
          86          68          86          69          87          66
          87          67          88          66          89          67
          90          67
    9     2000.00    0.017483      4.26   0.01031      0.29
          85          70          86          70          87          68
          87          69          87          70          88          67
          88          68          89          68          89          69
    6     2000.00    0.039674     56.33   0.01021      1.61
          87          71          88          69          88          70
          88          71          89          70          89          71
    5     2000.00    0.035569     87.38   0.01010      2.10
          87          72          87          73          88          72
          88          73          89          72
