          22
    2      832.80    1.000000      0.10   0.01400      0.10
          68          56          71          54
    1     2000.00    1.000000      0.10   0.01392      0.10
          67          75
    3     2000.00    1.000000      0.10   0.01374      0.10
          66          74          68          76          70          55
    1     2000.00    1.000000      0.10   0.01355      0.10
          69          76
    1     2000.00    1.000000      0.10   0.01336      0.10
          68          57
    9     2000.00    1.000000      0.10   0.01318      0.10
          64          71          65          72          66          73
          67          74          68          58          68          74
          68          75          69          75          70          78
    8     2000.00    0.082087      8.13   0.01299      0.44
          64          70          67          71          67          72
          67          73          68          59          68          71
          68          72          68          73
   17     2000.00    0.070253      7.32   0.01280      0.41
          65          71          66          71          66          72
          68          60          68          61          68          65
          69          56          69          63          70          56
          70          65          71          55          71          56
          72          55          73          55          73          56
          74          56          74          57
   20     2000.00    0.055798      6.05   0.01261      0.36
          64          67          64          68          65          69
          65          70          66          69          66          70
          67          65          67          70          69          57
          69          74          70          57          70          64
          70          77          71          57          72          56
          72          57          73          57          73          58
          74          58          74          59
   33     2000.00    0.057400     29.26   0.01243      0.82
          65          65          65          66          65          67
          65          68          66          65          66          68
          67          66          67          69          68          66
          68          70          69          58          69          59
          69          60          69          62          69          72
          69          73          70          58          70          59
          70          75          70          76          71          58
          71          59          71          75          71          76
          71          77          71          78          72          58
          72          59          73          59          73          60
          74          60          75          61          76          61
   23     2000.00    0.093280     38.02   0.01224      1.01
          66          66          66          67          67          67
          69          61          69          71          70          60
          70          61          70          62          70          63
          70          73          70          74          71          60
          71          61          71          73          71          74
          72          60          72          61          72          76
          73          61          73          62          74          61
          76          62          77          63
   32     2000.00    0.093961     37.86   0.01205      1.00
          67          68          68          67          68          68
          68          69          69          66          69          70
          70          71          70          72          71          62
          71          63          71          71          71          72
          72          62          72          63          72          71
          72          72          72          73          72          74
          72          75          72          77          73          63
          73          64          73          76          73          77
          74          62          74          63          75          62
          75          63          75          64          76          63
          76          64          77          64
   25     2000.00    0.082490     33.98   0.01187      0.95
          69          67          69          68          69          69
          70          66          70          67          70          68
          70          69          70          70          71          64
          71          65          71          69          71          70
          72          64          72          65          72          70
          73          65          73          70          73          71
          73          75          74          64          74          65
          74          76          74          77          75          65
          75          76
   24     2000.00    0.069538     24.11   0.01168      0.76
          71          66          71          67          71          68
          72          66          72          67          72          68
          72          69          72          78          73          66
          73          73          73          74          74          66
          74          73          74          74          74          75
          75          66          75          74          75          75
          76          66          76          74          76          75
          77          65          77          66          77          74
   18     2000.00    0.085965     45.56   0.01149      1.11
          73          67          73          68          73          69
          73          72          74          67          74          68
          74          71          74          72          75          67
          75          72          75          73          76          67
          76          73          77          67          77          73
          77          75          78          66          79          66
   14     2000.00    0.074930     45.79   0.01131      1.11
          74          69          74          70          75          68
          75          69          75          70          75          71
          76          68          76          71          76          72
          77          68          77          72          78          67
          79          67          80          67
   12     2000.00    0.083076     61.97   0.01112      1.42
          76          69          76          70          77          69
          77          71          78          68          78          69
          78          73          78          74          78          75
          79          68          80          68          81          68
   17     2000.00    0.050935     99.95   0.01093      2.14
          77          70          78          70          78          71
          78          72          78          76          79          69
          79          71          79          72          79          73
          79          74          79          75          79          76
          80          69          80          73          80          76
          81          69          82          68
   14     2000.00    0.086103     61.81   0.01075      1.40
          79          70          80          70          80          71
          80          72          80          74          80          75
          81          70          81          75          81          76
          82          69          82          70          82          76
          82          77          83          69
   14     2000.00    0.069192     40.20   0.01056      0.98
          81          71          81          72          81          73
          81          74          82          71          82          72
          82          73          82          74          82          75
          83          70          83          71          83          74
          83          75          84          75
    9     2000.00    0.050483     76.70   0.01037      1.69
          83          72          83          73          84          71
          84          72          84          73          84          74
          85          71          85          74          86          71
    5     2000.00    0.048371    149.50   0.01019      3.09
          85          72          85          73          86          72
          86          73          86          74
