          25
    1      201.11    1.000000      0.10   0.01400      0.10
          52          86
    2     2000.00    1.000000      0.10   0.01398      0.10
          50          77          50          78
    1     2000.00    1.000000      0.10   0.01382      0.10
          51          85
    1     2000.00    1.000000      0.10   0.01365      0.10
          50          75
    1     2000.00    1.000000      0.10   0.01349      0.10
          51          79
    2     2000.00    1.000000      0.10   0.01332      0.10
          49          74          52          82
    0     2000.00    1.000000      0.10   0.01315      0.10
 
    0     2000.00    1.000000      0.10   0.01299      0.10
 
    2     2000.00    1.000000      0.10   0.01282      0.10
          50          72          51          80
    2     2000.00    1.000000      0.10   0.01266      0.10
          50          71          51          76
    3     2000.00    1.000000      0.10   0.01249      0.10
          52          81          52          85          58          90
   13     2000.00    0.065511      5.75   0.01232      0.35
          50          70          50          73          51          84
          53          85          53          86          53          87
          54          86          54          87          57          88
          57          89          57          90          58          88
          58          89
   19     2000.00    0.078971      5.37   0.01216      0.34
          51          77          52          83          52          84
          53          83          53          84          54          85
          55          85          55          86          55          87
          56          86          56          87          56          88
          57          86          57          87          58          86
          58          87          59          84          59          85
          59          86
   17     2000.00    0.054370      6.73   0.01199      0.39
          52          80          53          82          54          82
          54          83          54          84          55          83
          55          84          56          84          56          85
          57          84          57          85          58          83
          58          84          58          85          59          83
          60          84          64          82
   30     2000.00    0.084799      6.69   0.01183      0.38
          52          79          53          79          53          80
          53          81          54          80          54          81
          55          82          56          82          56          83
          57          82          57          83          58          81
          58          82          59          82          60          82
          60          83          61          83          61          84
          62          83          63          82          63          83
          64          83          65          81          66          81
          67          81          67          82          68          81
          68          82          69          79          69          80
   38     2000.00    0.115859      6.64   0.01166      0.38
          51          78          52          76          52          77
          52          78          54          79          55          79
          55          80          55          81          56          80
          56          81          57          80          57          81
          58          80          59          80          59          81
          60          80          60          81          61          80
          61          81          61          82          62          81
          62          82          63          81          64          80
          64          81          65          80          66          79
          66          80          66          82          67          79
          67          80          68          77          68          78
          68          79          68          80          69          77
          69          78          69          81
   36     2000.00    0.095146      8.51   0.01149      0.44
          50          74          51          69          51          72
          51          73          51          74          51          75
          52          75          53          75          53          76
          53          77          53          78          54          77
          54          78          55          78          56          77
          56          78          56          79          57          78
          57          79          58          79          59          79
          60          79          61          79          62          79
          62          80          63          79          63          80
          64          78          64          79          65          78
          65          79          66          77          66          78
          67          76          67          77          67          78
   33     2000.00    0.091082      8.29   0.01133      0.43
          51          70          51          71          52          70
          52          71          52          72          52          73
          52          74          53          72          53          73
          53          74          54          75          54          76
          55          76          55          77          57          77
          58          77          58          78          59          78
          60          78          61          77          61          78
          62          77          62          78          63          76
          63          77          63          78          64          76
          64          77          65          75          65          76
          65          77          66          75          66          76
   26     2000.00    0.065809      9.88   0.01116      0.49
          53          70          53          71          54          70
          54          71          54          72          54          73
          54          74          55          73          55          74
          55          75          56          75          56          76
          57          75          57          76          58          76
          59          76          59          77          60          76
          60          77          61          76          62          75
          62          76          63          75          64          74
          64          75          65          74
   21     2000.00    0.064207     10.24   0.01100      0.51
          55          70          55          71          55          72
          56          70          56          71          56          72
          56          73          56          74          57          73
          57          74          58          74          58          75
          59          74          59          75          60          74
          60          75          61          74          61          75
          62          74          63          73          63          74
   15     2000.00    0.061490     11.33   0.01083      0.53
          57          70          57          71          57          72
          58          71          58          72          58          73
          59          72          59          73          60          72
          60          73          61          72          61          73
          62          73          64          73          65          73
   14     2000.00    0.025229     18.77   0.01066      0.74
          58          69          58          70          59          68
          59          69          59          70          59          71
          60          70          60          71          61          71
          62          71          62          72          63          71
          63          72          64          72
    8     2000.00    0.018869     21.53   0.01050      0.80
          60          68          60          69          61          67
          61          69          61          70          62          69
          62          70          63          70
    7     2000.00    0.015539     21.55   0.01033      0.80
          61          68          62          66          62          67
          62          68          63          68          63          69
          64          69
    4     2000.00    0.019979     19.20   0.01017      0.73
          63          66          63          67          64          65
          64          66
