           9
    1      345.09    1.000000      0.10   0.01400      0.10
          67          56
    0     2000.00    1.000000      0.10   0.01392      0.10
 
    0     2000.00    1.000000      0.10   0.01343      0.10
 
    3     2000.00    1.000000      0.10   0.01294      0.10
          65          58          66          57          67          57
    5     2000.00    0.052672      7.08   0.01245      0.40
          66          58          66          59          67          58
          67          59          67          60
    6     2000.00    0.044252      7.08   0.01196      0.40
          63          60          64          59          64          60
          65          59          65          60          66          60
    9     2000.00    0.027804      7.08   0.01147      0.40
          62          62          63          61          63          62
          64          61          65          61          66          61
          68          62          69          64          69          65
   12     2000.00    0.098481     26.91   0.01098      0.84
          62          63          62          64          63          63
          64          62          65          62          66          62
          67          61          67          62          67          63
          67          64          68          63          68          64
    9     2000.00    0.030867     55.22   0.01049      1.34
          62          65          63          64          63          65
          64          63          64          64          65          63
          65          64          66          63          66          64
