          17
    2     1947.00    1.000000      0.10   0.01400      0.10
          57          25          58          25
    5     2000.00    1.000000      0.10   0.01377      0.10
          45          35          45          36          47          26
          47          27          56          25
    5     2000.00    0.024883     12.21   0.01353      0.58
          47          28          48          25          48          26
          52          25          54          25
   26     2000.00    0.034852     20.43   0.01330      0.76
          45          37          47          29          47          30
          47          31          48          27          48          28
          48          29          49          25          49          26
          49          27          50          26          51          26
          53          26          54          26          55          26
          55          27          56          26          57          26
          57          27          58          26          58          27
          58          28          59          28          59          29
          59          30          60          31
   35     2000.00    0.073005     11.56   0.01306      0.50
          46          35          46          38          46          40
          46          41          48          30          48          31
          48          32          49          28          49          29
          49          30          49          31          50          27
          50          28          51          27          52          26
          52          27          52          28          53          27
          54          27          54          28          55          28
          55          29          56          27          56          28
          56          29          57          28          57          29
          57          30          58          29          58          30
          58          31          58          32          59          31
          59          32          60          32
   33     2000.00    0.072029     11.08   0.01283      0.49
          46          33          46          34          46          36
          47          32          47          33          47          34
          47          35          47          36          48          33
          48          35          48          36          49          32
          50          29          50          30          50          31
          50          32          51          28          51          29
          51          30          52          29          53          28
          53          29          53          30          54          29
          54          30          55          30          56          30
          56          31          56          32          56          33
          57          31          57          32          57          33
   24     2000.00    0.125471     16.25   0.01259      0.65
          46          37          47          43          48          34
          49          33          49          34          49          35
          49          36          50          33          50          35
          51          31          51          32          51          33
          52          30          52          31          53          31
          53          32          54          31          54          32
          54          33          55          31          55          32
          55          33          58          33          59          33
   25     2000.00    0.128798     18.93   0.01236      0.71
          47          37          47          38          47          39
          47          42          47          44          48          37
          48          38          48          39          49          37
          50          34          50          36          50          37
          51          34          51          35          51          36
          52          32          52          33          52          34
          53          33          54          34          55          34
          56          34          57          34          58          34
          59          34
   27     2000.00    0.200760     21.67   0.01212      0.75
          47          40          47          41          47          45
          48          40          48          41          49          38
          49          39          50          38          51          37
          51          38          52          35          52          36
          52          37          53          34          53          35
          54          35          55          35          56          35
          56          36          57          35          57          36
          58          35          58          36          59          35
          59          36          59          37          60          35
   25     2000.00    0.111043     13.77   0.01189      0.56
          48          42          48          43          49          40
          49          41          49          42          49          43
          50          39          50          40          50          41
          50          42          51          39          52          38
          53          36          53          37          53          38
          54          36          54          37          55          36
          55          37          56          37          57          37
          57          38          58          37          58          38
          59          38
   25     2000.00    0.053763     14.57   0.01165      0.58
          48          44          50          43          51          40
          51          41          51          42          52          39
          52          40          52          41          53          39
          54          38          54          39          55          38
          55          39          56          38          56          39
          57          39          58          39          58          40
          59          39          59          40          59          41
          59          42          60          40          60          41
          60          42
   22     2000.00    0.036099     10.51   0.01141      0.47
          48          45          48          46          48          47
          49          44          49          45          52          42
          53          40          53          41          54          40
          54          41          55          40          55          41
          56          40          56          41          57          40
          57          41          57          42          58          41
          58          42          58          43          59          43
          60          43
   23     2000.00    0.030663     20.56   0.01118      0.73
          49          46          49          47          50          44
          50          45          50          46          51          43
          51          44          51          45          52          43
          53          42          53          43          54          42
          54          43          55          42          55          43
          56          42          56          43          57          43
          57          44          58          44          58          45
          59          44          59          45
   16     2000.00    0.023806     12.93   0.01094      0.54
          50          47          51          46          51          47
          52          44          52          45          52          48
          53          44          53          45          54          44
          55          44          55          45          56          44
          56          45          57          45          57          46
          58          46
   13     2000.00    0.018310     18.95   0.01071      0.69
          52          46          52          47          53          46
          53          47          54          45          54          46
          54          50          54          51          55          46
          55          47          56          46          56          47
          57          47
    6     2000.00    0.011532     45.54   0.01047      1.35
          53          48          54          47          54          48
          54          49          55          48          56          48
    3     2000.00    0.012688     59.00   0.01024      1.66
          55          49          55          50          55          51
