          13
    5     1860.69    1.000000      0.10   0.01400      0.10
          54          10          54          11          54          13
          55          10          55          11
   12     2000.00    0.121823      6.71   0.01371      0.39
          53          13          54          12          55          12
          55          13          56          10          56          11
          56          12          57          10          57          11
          58          10          58          11          59          11
   10     2000.00    0.107996      5.33   0.01340      0.33
          56          13          56          14          57          12
          57          13          57          14          58          12
          59          12          59          13          60          13
          61          14
   15     2000.00    0.049149     10.12   0.01309      0.51
          54          14          55          14          56          15
          57          15          58          13          58          14
          58          15          59          14          59          15
          60          14          60          15          61          15
          62          15          62          16          63          16
   13     2000.00    0.051923      7.78   0.01278      0.42
          56          16          57          16          57          17
          58          16          59          16          60          16
          60          17          61          16          61          17
          62          17          63          17          63          18
          64          24
   25     2000.00    0.039777      9.69   0.01247      0.47
          53          14          57          18          58          17
          58          18          59          17          59          18
          59          24          59          25          60          18
          60          19          60          24          60          25
          61          18          61          19          61          24
          61          25          62          18          62          19
          62          24          63          19          63          20
          63          21          63          22          63          23
          63          24
   20     2000.00    0.028948     10.00   0.01217      0.48
          50          14          50          15          54          15
          54          16          55          15          55          16
          56          17          57          19          58          19
          59          19          60          20          60          23
          61          20          61          21          61          22
          61          23          62          20          62          21
          62          22          62          23
   25     2000.00    0.047132     14.53   0.01186      0.61
          49          16          50          16          51          14
          51          15          51          16          52          14
          52          15          53          15          53          16
          54          17          55          17          55          18
          56          18          57          20          57          24
          58          20          58          21          58          24
          59          20          59          21          59          23
          60          21          60          22          62          25
          63          25
   18     2000.00    0.075155     14.57   0.01155      0.60
          48          19          49          18          50          17
          50          18          51          17          52          16
          52          17          53          17          54          18
          54          19          55          19          56          19
          56          20          57          21          57          23
          58          22          58          23          59          22
   19     2000.00    0.036669     12.04   0.01124      0.52
          48          20          49          19          50          19
          51          18          51          19          52          18
          52          19          53          18          53          19
          53          20          54          20          54          21
          55          20          55          21          56          21
          56          22          56          23          56          24
          57          22
   19     2000.00    0.020284     14.49   0.01093      0.59
          49          20          49          21          50          20
          50          21          51          20          51          21
          52          20          52          21          52          22
          53          21          53          22          54          22
          54          23          54          24          55          22
          55          23          55          24          55          25
          59          26
    9     2000.00    0.012468     16.03   0.01062      0.64
          49          22          50          22          51          22
          51          23          52          23          52          24
          53          23          53          24          53          25
    5     2000.00    0.020027     21.99   0.01031      0.78
          50          23          50          24          50          25
          51          24          51          25
