           8
    1      242.09    1.000000      0.10   0.01400      0.10
          48          13
    4     2000.00    1.000000      0.10   0.01393      0.10
          46          15          48          14          49          14
          49          15
    5     2000.00    0.015000      5.83   0.01337      0.36
          46          16          47          15          47          16
          48          15          48          16
    7     2000.00    0.043753      5.83   0.01281      0.36
          45          17          45          18          46          17
          47          17          48          17          48          18
          49          17
   11     2000.00    0.058816      4.95   0.01225      0.32
          44          22          45          19          45          20
          45          21          45          22          45          23
          46          18          46          19          46          20
          47          18          47          19
    9     2000.00    0.021859      7.27   0.01169      0.41
          45          27          46          21          46          22
          46          23          46          27          46          28
          47          20          47          21          48          21
   10     2000.00    0.037760      8.20   0.01112      0.44
          45          24          45          25          45          26
          46          24          46          25          46          26
          47          22          47          23          48          22
          48          23
    5     2000.00    0.031890      8.90   0.01056      0.46
          47          24          47          25          48          24
          49          23          49          24
