           6
    7      795.50    0.024552      6.67   0.01400      0.39
          54          54          54          55          59          49
          60          49          61          49          61          50
          61          51
    3     2000.00    0.042899      6.21   0.01371      0.37
          59          50          60          50          60          51
   11     2000.00    0.021411      6.33   0.01296      0.38
          54          57          54          58          55          52
          55          53          57          51          58          51
          58          52          59          51          59          52
          60          52          60          53
   12     2000.00    0.014685     34.57   0.01222      1.05
          55          54          55          55          55          56
          56          52          56          53          56          54
          57          52          57          53          58          53
          59          53          59          54          60          54
   10     2000.00    0.011524     64.80   0.01148      1.77
          55          57          55          58          56          55
          56          56          57          54          57          55
          58          54          58          55          59          55
          60          55
    7     2000.00    0.020721     64.80   0.01074      1.77
          56          57          57          56          57          57
          57          58          58          56          58          57
          59          56
