           9
    2     1853.70    1.000000      0.10   0.01400      0.10
          60          36          60          37
    8     2000.00    1.000000      0.10   0.01358      0.10
          60          38          60          39          61          37
          61          38          62          38          65          41
          67          43          67          44
   18     2000.00    0.107468      6.30   0.01314      0.37
          61          36          61          39          61          40
          62          39          62          40          63          40
          63          41          63          42          64          41
          64          42          65          42          65          43
          66          41          66          42          66          43
          66          44          66          45          67          45
   15     2000.00    0.060260      6.25   0.01269      0.37
          61          41          61          42          62          41
          62          42          62          43          63          43
          63          44          64          43          64          44
          64          45          65          44          65          45
          65          46          66          46          67          46
   10     2000.00    0.036746      7.46   0.01224      0.42
          60          44          61          43          61          44
          62          44          62          45          62          46
          63          45          63          46          63          47
          64          46
    8     2000.00    0.026976      7.64   0.01179      0.43
          59          46          60          45          60          46
          61          45          61          46          61          47
          62          47          62          48
    6     2000.00    0.021105      7.19   0.01134      0.41
          58          47          59          47          59          48
          60          47          60          48          61          48
    6     2000.00    0.019451     10.40   0.01090      0.52
          56          49          57          48          57          49
          58          48          58          49          58          50
    3     2000.00    0.016713      8.74   0.01045      0.46
          56          50          56          51          57          50
