          12
    6     1650.22    1.000000      0.10   0.01400      0.10
          72          26          73          21          74          21
          74          22          74          23          74          24
   17     2000.00    0.045346      4.78   0.01372      0.31
          69          25          69          26          70          25
          70          26          71          25          71          26
          72          19          72          23          72          24
          72          25          73          20          73          22
          73          23          73          24          73          25
          75          22          75          23
   14     2000.00    0.038837      5.63   0.01338      0.34
          68          24          68          25          69          24
          70          19          70          23          70          24
          71          19          71          20          71          22
          71          23          71          24          72          20
          72          21          72          22
   12     2000.00    0.035987      7.79   0.01304      0.43
          67          24          68          19          68          22
          68          23          69          19          69          20
          69          22          69          23          70          20
          70          21          70          22          71          21
    8     2000.00    0.025619      6.50   0.01271      0.37
          66          23          66          24          67          20
          67          22          67          23          68          20
          68          21          69          21
   10     2000.00    0.026634     11.07   0.01237      0.53
          65          19          65          20          65          21
          65          22          65          23          65          24
          66          20          66          21          66          22
          67          21
    3     2000.00    0.027332      3.73   0.01203      0.26
          64          21          64          22          64          23
    0     2000.00    1.000000      0.10   0.01169      0.10
 
    0     2000.00    1.000000      0.10   0.01135      0.10
 
    1     2000.00    1.000000      0.10   0.01101      0.10
          67          25
    2     2000.00    1.000000      0.10   0.01068      0.10
          66          25          68          26
    1     2000.00    1.000000      0.10   0.01034      0.10
          64          25
