           6
    1      997.20    1.000000      0.10   0.01400      0.10
          54          59
    2     2000.00    1.000000      0.10   0.01364      0.10
          55          59          65          57
    9     2000.00    0.034965      9.94   0.01291      0.48
          56          58          56          59          57          59
          59          58          60          58          62          57
          63          57          64          57          64          58
   12     2000.00    0.031063     31.46   0.01218      0.96
          57          60          58          59          58          60
          58          61          59          59          60          59
          61          58          61          59          62          58
          62          59          63          58          63          59
    9     2000.00    0.019471     44.29   0.01145      1.26
          58          62          59          60          59          61
          60          60          60          61          61          60
          61          61          62          60          62          61
    4     2000.00    0.011547     70.92   0.01073      1.88
          60          62          60          63          61          62
          61          63
