          10
    2     1113.31    1.000000      0.10   0.01400      0.10
          59           9          60           9
    6     2000.00    1.000000      0.10   0.01377      0.10
          60          10          60          11          61           9
          61          10          61          11          61          12
    9     2000.00    0.047602      9.35   0.01335      0.49
          59          10          62          10          62          11
          62          12          62          13          63          11
          63          12          63          13          63          14
   10     2000.00    0.041893      9.35   0.01293      0.49
          61          13          64          12          64          13
          64          14          65          12          74          19
          74          20          75          16          75          17
          75          18
   16     2000.00    0.042048      8.15   0.01251      0.44
          60          12          62          14          65          13
          65          14          66          13          66          14
          67          13          68          13          69          13
          70          13          73          16          73          17
          73          18          73          19          74          17
          74          18
   18     2000.00    0.032589      7.33   0.01209      0.41
          65          15          66          15          67          14
          67          15          68          14          68          15
          69          14          69          15          70          14
          70          15          71          14          71          15
          71          16          71          17          71          18
          72          16          72          17          72          18
    9     2000.00    0.031875     11.17   0.01167      0.54
          63          15          64          15          68          16
          69          16          69          17          69          18
          70          16          70          17          70          18
    8     2000.00    0.027075     15.53   0.01126      0.68
          65          16          66          16          67          16
          67          17          67          18          67          19
          68          17          68          18
    7     2000.00    0.053322      9.70   0.01084      0.48
          64          16          64          17          65          17
          65          18          66          17          66          18
          66          19
    3     2000.00    0.012601     16.92   0.01042      0.72
          64          18          64          19          64          20
