           9
    1      173.11    1.000000      0.10   0.01400      0.10
          69          49
   14     2000.00    0.064591      6.23   0.01396      0.37
          63          48          64          47          67          47
          67          48          67          49          67          50
          68          47          68          48          68          49
          68          50          69          50          70          51
          70          52          71          52
   21     2000.00    0.076900      6.12   0.01346      0.37
          62          49          64          48          65          47
          65          48          65          49          65          50
          66          47          66          48          66          49
          66          50          66          51          67          51
          68          51          68          52          69          51
          69          52          69          53          69          54
          70          53          70          54          71          51
   17     2000.00    0.075078      7.44   0.01297      0.41
          62          50          63          49          63          50
          64          49          64          50          64          51
          65          51          66          52          66          53
          67          52          67          53          67          54
          67          55          68          53          68          54
          68          55          69          55
   12     2000.00    0.064487      8.80   0.01247      0.46
          61          52          62          51          63          51
          63          52          64          52          64          53
          65          52          65          53          65          54
          65          55          66          54          66          55
   11     2000.00    0.061456     10.11   0.01198      0.51
          61          53          61          54          62          52
          62          53          63          53          63          54
          63          55          64          54          64          55
          65          56          66          56
    6     2000.00    0.036583      9.54   0.01148      0.47
          61          55          62          54          62          55
          62          56          63          56          64          56
    4     2000.00    0.019797     16.82   0.01099      0.72
          60          56          60          57          61          56
          61          57
    2     2000.00    0.014289     16.82   0.01049      0.72
          58          58          59          57
