          31
    1     1384.61    1.000000      0.10   0.01400      0.10
          39          37
    0     2000.00    1.000000      0.10   0.01391      0.10
 
    1     2000.00    1.000000      0.10   0.01378      0.10
          40          40
    1     2000.00    1.000000      0.10   0.01365      0.10
          39          36
    1     2000.00    1.000000      0.10   0.01352      0.10
          41          39
    1     2000.00    1.000000      0.10   0.01339      0.10
          40          37
    1     2000.00    1.000000      0.10   0.01326      0.10
          41          38
    3     2000.00    0.052582      7.38   0.01313      0.42
          39          43          40          36          41          37
    9     2000.00    0.021847      4.78   0.01300      0.31
          40          41          41          35          41          36
          41          40          42          36          43          36
          44          35          44          36          44          37
   11     2000.00    0.049331      4.19   0.01287      0.28
          38          47          39          46          42          37
          42          38          43          37          43          38
          44          38          44          39          45          38
          45          39          46          39
   13     2000.00    0.060049      5.75   0.01274      0.34
          40          42          40          44          40          45
          41          41          42          39          42          40
          42          41          43          39          43          40
          44          40          45          40          45          41
          46          42
   14     2000.00    0.049794      7.01   0.01261      0.40
          40          43          41          42          41          43
          42          42          42          43          43          41
          43          42          44          41          44          42
          45          42          45          43          46          43
          46          44          48          72
   11     2000.00    0.054538      7.53   0.01248      0.41
          39          47          41          44          41          45
          42          44          42          45          43          43
          43          44          44          43          44          44
          45          44          45          45
   16     2000.00    0.071475      9.54   0.01235      0.49
          39          48          39          49          40          46
          40          47          40          48          41          46
          41          47          42          46          43          45
          43          46          44          45          44          46
          45          46          46          45          46          71
          49          73
   15     2000.00    0.048050      7.80   0.01222      0.42
          40          49          40          50          41          48
          42          47          42          48          43          47
          43          48          44          47          44          69
          45          47          45          70          46          46
          47          46          47          47          49          72
   26     2000.00    0.053385      9.33   0.01209      0.47
          38          54          39          54          39          66
          39          67          40          53          40          68
          41          49          41          50          41          51
          41          52          41          68          42          49
          42          50          43          49          44          48
          44          49          45          48          46          47
          46          48          46          49          47          48
          47          49          48          70          48          71
          49          70          49          71
   26     2000.00    0.063541      9.27   0.01195      0.47
          38          55          39          55          39          56
          39          57          40          54          40          55
          41          53          41          54          42          51
          42          52          42          68          43          50
          43          51          44          50          44          68
          45          49          45          50          45          69
          46          50          46          70          47          50
          47          70          47          71          48          48
          48          49          48          50
   42     2000.00    0.064881      7.64   0.01182      0.41
          40          56          40          57          40          64
          40          65          40          66          40          67
          41          55          41          56          41          57
          41          67          42          53          42          54
          42          55          42          56          42          67
          43          52          43          68          44          51
          44          52          45          51          45          52
          45          68          46          51          46          52
          46          53          46          54          46          55
          46          68          46          69          47          51
          47          52          47          54          47          69
          48          51          48          52          48          69
          49          48          49          49          49          50
          49          68          49          69          50          68
   42     2000.00    0.053065      9.53   0.01169      0.47
          40          58          41          58          41          63
          41          64          41          65          41          66
          42          57          42          66          43          53
          43          54          43          55          43          56
          43          57          43          66          43          67
          44          53          44          54          44          66
          44          67          45          53          45          54
          45          55          45          67          46          56
          46          67          47          53          47          55
          47          56          47          67          47          68
          48          53          48          67          48          68
          49          51          49          67          50          48
          50          49          50          50          50          69
          51          48          51          49          52          49
   44     2000.00    0.033591     13.67   0.01156      0.56
          39          60          40          59          40          60
          40          61          41          61          41          62
          42          58          42          62          42          63
          42          64          42          65          43          58
          43          64          43          65          44          55
          44          56          44          57          44          58
          44          65          45          56          45          57
          45          65          45          66          46          65
          46          66          47          66          48          54
          48          55          48          56          48          57
          48          66          49          52          49          53
          49          54          49          56          50          51
          50          52          51          50          51          51
          52          50          52          51          53          49
          53          50          53          51
   35     2000.00    0.037963     24.99   0.01143      0.82
          41          59          41          60          42          59
          42          60          42          61          43          61
          43          62          43          63          44          59
          44          62          44          63          44          64
          45          58          45          63          45          64
          46          57          46          58          46          64
          47          57          47          65          49          55
          49          57          50          53          50          54
          50          55          50          56          50          67
          51          52          51          53          52          52
          52          53          53          52          53          53
          54          52          54          53
   23     2000.00    0.022757     26.85   0.01130      0.85
          43          59          43          60          44          60
          44          61          45          59          45          61
          45          62          46          59          46          63
          47          58          47          64          48          58
          49          66          50          57          50          66
          51          54          51          55          52          54
          52          55          53          54          53          55
          53          56          54          56
   18     2000.00    0.015239     33.35   0.01117      1.04
          45          60          46          60          46          61
          46          62          47          59          47          62
          47          63          48          64          48          65
          49          58          49          65          51          56
          51          57          52          56          52          57
          53          57          53          58          53          59
   19     2000.00    0.010982     43.83   0.01104      1.26
          47          60          47          61          48          59
          48          60          48          61          48          62
          48          63          49          59          49          63
          49          64          50          58          50          59
          50          65          51          58          51          59
          51          65          52          58          52          59
          53          60
   14     2000.00    0.010937     32.25   0.01091      1.00
          49          60          49          61          49          62
          50          60          50          62          50          63
          50          64          51          60          51          64
          51          66          51          68          52          60
          52          65          52          66
   15     2000.00    0.036505     27.53   0.01078      0.79
          50          61          51          61          51          62
          51          63          51          67          52          61
          52          63          52          64          52          67
          52          68          52          69          53          61
          53          65          53          66          53          68
   16     2000.00    0.121468     51.34   0.01065      1.31
          52          62          53          62          53          63
          53          64          53          67          53          69
          54          60          54          61          54          64
          54          65          54          66          54          67
          54          68          54          69          55          60
          55          67
   20     2000.00    0.044717     36.77   0.01052      1.01
          54          62          54          63          55          61
          55          62          55          63          55          64
          55          65          55          66          55          68
          55          69          56          60          56          61
          56          62          56          65          56          66
          56          67          56          68          56          69
          57          61          57          69
   11     2000.00    0.026343     36.77   0.01039      1.01
          56          63          56          64          57          62
          57          63          57          64          57          65
          57          66          57          67          57          68
          58          67          58          68
   12     2000.00    0.023083     46.07   0.01026      1.21
          58          63          58          64          58          65
          58          66          59          62          59          63
          59          64          59          65          59          66
          59          67          60          66          60          67
    5     2000.00    0.020228     77.33   0.01013      1.88
          60          64          60          65          61          64
          61          65          61          66
