           5
    2     1921.61    1.000000      0.10   0.01400      0.10
          37          50          38          48
    3     2000.00    1.000000      0.10   0.01323      0.10
          37          51          38          49          38          50
    5     2000.00    0.033088      6.83   0.01242      0.39
          38          51          39          50          39          51
          40          51          40          52
    6     2000.00    0.031701      6.83   0.01161      0.39
          36          52          37          52          38          52
          38          53          39          52          39          53
    4     2000.00    0.066073      6.83   0.01081      0.39
          36          53          36          54          37          53
          37          54
