           9
    1     1417.78    1.000000      0.10   0.01400      0.10
          27          39
    1     2000.00    1.000000      0.10   0.01367      0.10
          23          42
    1     2000.00    1.000000      0.10   0.01322      0.10
          23          43
    2     2000.00    1.000000      0.10   0.01276      0.10
          23          44          24          41
    0     2000.00    1.000000      0.10   0.01230      0.10
 
    3     2000.00    1.000000      0.10   0.01184      0.10
          24          46          25          40          27          40
    3     2000.00    0.056535      7.31   0.01138      0.41
          26          40          26          41          27          41
    5     2000.00    0.123059      7.31   0.01092      0.41
          23          45          24          42          24          43
          25          41          25          42
    5     2000.00    0.154955      7.31   0.01046      0.41
          24          44          24          45          25          43
          25          44          25          45
