           4
    2     1562.50    1.000000      0.10   0.01400      0.10
          34          56          34          59
    9     2000.00    0.037357     24.01   0.01317      0.88
          35          56          35          57          35          58
          35          59          36          55          36          56
          36          60          37          55          37          56
    7     2000.00    0.036033     22.86   0.01212      0.83
          36          57          36          58          36          59
          37          57          37          58          38          56
          38          57
    7     2000.00    0.134840     33.26   0.01106      1.13
          37          59          37          60          38          58
          38          59          38          60          39          58
          39          59
