           6
    2     1959.98    1.000000      0.10   0.01400      0.10
          29          36          29          37
    8     2000.00    1.000000      0.10   0.01334      0.10
          28          39          29          35          30          35
          30          36          31          35          32          35
          33          35          33          36
   10     2000.00    0.026803      9.69   0.01268      0.50
          29          38          30          37          30          38
          31          36          31          37          32          36
          32          37          32          38          33          37
          33          38
    7     2000.00    0.048712      9.69   0.01201      0.50
          29          39          29          40          30          39
          31          38          31          39          32          39
          32          40
    8     2000.00    0.075952      9.69   0.01134      0.50
          28          40          28          41          29          41
          30          40          30          41          31          40
          31          41          31          42
    4     2000.00    0.031723     13.85   0.01067      0.63
          28          42          29          42          29          43
          30          42
