           6
    1     1576.09    1.000000      0.10   0.01400      0.10
          25          46
    4     2000.00    0.213502      7.31   0.01346      0.41
          26          45          26          46          27          44
          28          44
   11     2000.00    0.116138     20.74   0.01276      0.83
          27          45          27          46          27          47
          27          48          27          49          28          45
          29          45          29          46          30          45
          30          46          31          46
    7     2000.00    0.140720     23.73   0.01207      0.91
          28          46          28          47          28          48
          29          47          29          50          29          52
          30          47
    7     2000.00    0.128386     23.73   0.01138      0.91
          28          49          29          48          29          49
          29          51          30          48          30          52
          31          48
    5     2000.00    0.202375     23.73   0.01069      0.91
          30          49          30          50          30          51
          31          49          31          50
