           9
    5     1743.69    1.000000      0.10   0.01400      0.10
          35          34          35          35          36          34
          36          35          37          35
   13     2000.00    0.008115      4.86   0.01361      0.31
          34          38          35          36          35          37
          35          38          36          36          36          37
          37          36          37          37          38          36
          38          37          39          38          40          38
          40          39
   13     2000.00    0.014832      4.95   0.01316      0.32
          34          35          34          36          34          37
          34          39          35          39          36          38
          36          39          37          38          37          39
          38          38          38          39          39          39
          39          40
    6     2000.00    0.012279      8.10   0.01271      0.43
          34          40          34          41          35          40
          36          40          37          40          38          40
    6     2000.00    0.023796     11.38   0.01225      0.56
          33          39          33          40          34          42
          35          41          35          42          36          41
    6     2000.00    0.030319     11.38   0.01180      0.56
          32          41          32          42          33          41
          33          42          33          43          34          43
    4     2000.00    0.042434      9.24   0.01135      0.47
          31          43          32          43          33          44
          34          44
    3     2000.00    0.050230     12.86   0.01090      0.60
          30          43          31          44          32          44
    2     2000.00    1.000000      0.10   0.01045      0.10
          29          44          30          44
