           3
    4     1983.89    0.108164     30.21   0.01400      1.06
          31          52          32          52          33          51
          33          55
    7     2000.00    0.102234     30.21   0.01267      1.06
          33          52          33          53          33          54
          34          52          34          53          35          52
          35          53
    4     2000.00    0.037636     30.21   0.01134      1.06
          34          54          34          55          35          54
          35          55
