           9
    3     1606.61    0.036492     11.38   0.01400      0.56
          35          43          36          42          37          41
    1     2000.00    1.000000      0.10   0.01363      0.10
          38          41
    7     2000.00    0.024845      7.38   0.01318      0.42
          35          44          36          43          37          42
          37          43          38          42          39          41
          39          42
    5     2000.00    0.051416      7.38   0.01273      0.42
          37          44          38          43          38          44
          39          44          39          45
    7     2000.00    0.056621      7.38   0.01227      0.42
          31          45          36          44          36          45
          37          45          37          46          38          45
          38          46
   13     2000.00    0.034422      5.37   0.01182      0.33
          32          45          32          46          33          45
          33          46          34          45          34          46
          35          45          35          46          36          46
          36          47          36          48          37          47
          37          48
   14     2000.00    0.075913      7.76   0.01136      0.42
          31          47          32          47          32          48
          33          47          33          48          34          47
          34          48          35          47          35          48
          35          49          36          49          36          50
          36          51          37          49
    6     2000.00    0.079772      7.58   0.01091      0.41
          32          49          33          49          34          49
          34          50          35          50          35          51
    5     2000.00    0.155702     13.46   0.01045      0.60
          31          51          32          50          32          51
          33          50          34          51
