          25
    1      149.81    1.000000      0.10   0.01400      0.10
          28          36
    7     2000.00    0.012157      9.10   0.01399      0.48
          25          36          26          36          27          36
          27          37          27          38          28          37
          28          38
    7     2000.00    0.039850      9.10   0.01382      0.48
          10          40          10          41          11          39
          25          37          25          38          26          37
          26          38
   12     2000.00    0.045645      9.10   0.01366      0.48
          11          40          11          41          11          42
          12          40          12          41          21          38
          22          38          23          38          23          39
          24          38          24          39          25          39
   18     2000.00    0.044565      7.61   0.01349      0.42
          11          43          12          42          12          43
          13          40          13          41          13          42
          13          43          14          40          14          41
          21          39          21          40          22          39
          22          40          22          41          23          40
          23          41          24          40          26          39
   29     2000.00    0.032375      5.48   0.01332      0.34
          14          42          14          43          14          44
          15          41          15          42          16          41
          16          42          17          41          17          42
          18          41          19          41          20          40
          20          41          21          41          21          42
          22          42          22          43          22          44
          22          83          23          86          24          86
          24          87          24          88          25          87
          25          88          26          88          27          88
          40          82          41          82
   51     2000.00    0.033279      7.03   0.01316      0.39
          13          46          14          45          14          46
          15          43          15          44          15          45
          15          46          16          43          16          44
          16          45          16          46          17          43
          18          42          18          43          18          44
          19          42          19          43          20          42
          20          43          21          43          21          44
          22          45          22          81          22          82
          23          81          23          82          23          83
          23          84          23          85          24          83
          24          84          24          85          25          84
          25          85          25          86          26          85
          26          86          26          87          27          86
          27          87          28          87          28          88
          29          87          34          85          37          83
          38          81          38          82          38          83
          38          84          39          82          39          83
   54     2000.00    0.050360      6.77   0.01299      0.38
          12          48          13          47          13          48
          13          49          14          47          14          48
          15          47          15          48          16          47
          17          44          17          45          17          46
          17          47          18          45          19          44
          19          45          20          44          20          45
          21          45          21          46          22          80
          24          81          24          82          25          82
          25          83          26          83          26          84
          27          83          27          84          27          85
          28          85          28          86          29          85
          29          86          30          85          30          86
          30          87          31          84          31          85
          32          85          33          84          33          85
          34          84          35          83          35          84
          36          80          36          81          36          82
          36          83          37          80          37          81
          37          82          37          84          40          81
   70     2000.00    0.040102      6.91   0.01282      0.39
          12          51          12          52          13          50
          13          51          14          49          14          50
          14          51          15          49          15          50
          16          48          16          49          17          48
          17          49          18          46          18          47
          18          48          18          49          19          46
          19          47          19          75          19          76
          19          77          20          46          20          78
          22          46          22          47          22          79
          23          46          23          47          23          80
          24          47          24          80          25          47
          25          81          26          81          26          82
          27          81          27          82          28          82
          28          83          28          84          29          83
          29          84          30          83          30          84
          31          83          32          83          32          84
          33          82          33          83          34          80
          34          81          34          82          34          83
          35          80          35          81          35          82
          39          81          41          81          46          85
          48          85          48          86          49          85
          49          86          50          82          50          83
          50          84          50          85          51          82
          51          86
   82     2000.00    0.039099      7.26   0.01266      0.40
          13          52          13          53          13          54
          13          55          14          52          14          53
          14          54          14          55          15          51
          15          52          16          50          16          51
          16          52          17          50          17          51
          18          50          18          51          18          73
          18          74          19          48          19          49
          19          50          19          51          19          73
          19          74          20          47          20          48
          20          50          20          51          20          75
          20          76          20          77          21          47
          21          48          21          76          21          77
          21          78          21          79          22          48
          22          78          23          48          23          78
          23          79          24          78          24          79
          25          79          25          80          26          80
          27          80          28          80          28          81
          29          80          29          81          29          82
          30          81          30          82          31          81
          31          82          32          81          32          82
          33          79          33          80          33          81
          34          79          35          79          36          79
          44          84          45          84          45          85
          46          84          47          84          47          85
          48          82          48          83          48          84
          49          81          49          82          49          83
          49          84          50          80          50          81
          51          81
   74     2000.00    0.047656      7.54   0.01249      0.40
          15          53          15          54          15          55
          15          56          16          53          16          54
          17          52          17          53          18          52
          18          53          19          52          20          49
          20          52          20          72          20          73
          20          74          21          49          21          50
          21          51          21          52          21          73
          21          74          21          75          22          49
          22          75          22          76          22          77
          23          49          23          76          23          77
          24          48          24          77          25          77
          25          78          26          78          26          79
          27          79          28          79          29          79
          30          79          30          80          31          79
          31          80          32          78          32          79
          32          80          33          78          34          78
          34          86          35          78          36          77
          36          78          36          84          38          80
          42          82          43          82          43          83
          43          84          44          83          44          85
          45          83          46          82          46          83
          47          82          47          83          48          80
          48          81          49          75          49          77
          49          78          49          79          49          80
          50          76          50          79
   87     2000.00    0.046507      7.99   0.01233      0.42
          16          55          16          56          16          57
          16          58          16          69          16          70
          17          54          17          55          17          56
          17          57          17          58          17          69
          17          70          17          71          18          54
          18          71          18          72          19          53
          19          54          19          72          20          53
          20          54          21          53          21          54
          21          72          22          50          22          52
          22          53          22          73          22          74
          23          50          23          73          23          74
          23          75          24          49          24          50
          24          74          24          75          24          76
          25          48          25          75          25          76
          26          48          26          75          26          76
          26          77          27          75          27          76
          27          77          27          78          28          77
          28          78          29          77          29          78
          30          77          30          78          31          77
          31          78          32          77          33          76
          33          77          34          76          34          77
          35          74          35          75          35          76
          35          77          42          81          43          80
          43          81          44          81          44          82
          45          81          45          82          46          81
          47          78          47          79          47          80
          47          81          47          86          48          76
          48          77          48          78          48          79
          48          87          49          76          51          83
   90     2000.00    0.038653      9.29   0.01216      0.46
          17          59          17          60          17          61
          17          62          18          55          18          56
          18          57          18          58          18          59
          18          60          18          61          18          62
          18          68          18          69          18          70
          19          55          19          56          19          57
          19          58          19          66          19          67
          19          68          19          69          19          70
          19          71          20          55          20          56
          20          70          20          71          21          55
          21          71          22          51          22          54
          22          55          23          51          23          52
          24          51          24          52          24          73
          25          49          25          50          25          51
          25          73          25          74          26          47
          26          49          26          50          26          73
          26          74          27          50          27          51
          27          73          27          74          28          50
          28          51          28          74          28          75
          28          76          29          75          29          76
          30          75          30          76          31          75
          31          76          32          75          32          76
          33          74          33          75          34          71
          34          72          34          73          34          74
          34          75          35          73          36          76
          43          79          44          79          44          80
          45          79          45          80          46          76
          46          77          46          78          46          79
          46          80          47          75          47          76
          47          77          48          75          50          86
   88     2000.00    0.035747      9.40   0.01199      0.47
          18          64          19          59          19          60
          19          61          19          62          19          63
          19          64          19          65          20          57
          20          58          20          59          20          63
          20          65          20          66          20          67
          20          68          20          69          21          56
          21          57          21          66          21          67
          21          68          21          69          21          70
          22          56          22          70          22          71
          22          72          23          53          23          54
          23          55          23          56          23          71
          23          72          24          53          24          72
          25          52          25          53          25          72
          26          51          26          52          26          71
          26          72          27          52          27          53
          27          71          27          72          28          52
          28          53          28          71          28          72
          28          73          29          53          29          73
          29          74          30          73          30          74
          31          73          31          74          32          72
          32          73          32          74          33          70
          33          71          33          72          33          73
          34          70          35          72          37          79
          39          78          39          79          39          80
          40          78          40          79          40          80
          41          79          41          80          42          79
          42          80          43          78          44          77
          44          78          45          76          45          77
          45          78          46          75          48          73
          48          74
   78     2000.00    0.035318     10.37   0.01183      0.49
          20          60          20          61          20          62
          20          64          21          58          21          59
          21          60          21          61          21          62
          21          63          21          64          21          65
          22          57          22          58          22          59
          22          64          22          65          22          66
          22          67          22          68          22          69
          23          57          23          58          23          66
          23          68          23          69          23          70
          24          54          24          55          24          56
          24          57          24          69          24          70
          24          71          25          54          25          55
          25          70          25          71          26          53
          26          54          26          70          27          54
          27          70          28          54          28          70
          29          54          29          55          29          70
          29          71          29          72          30          53
          30          54          30          71          30          72
          31          71          31          72          32          69
          32          70          32          71          33          69
          34          69          36          75          37          78
          38          79          39          77          40          77
          41          78          42          77          42          78
          43          76          43          77          44          76
          45          75          46          72          46          73
          46          74          47          73          47          74
   67     2000.00    0.033110     10.86   0.01166      0.51
          22          60          22          61          22          62
          22          63          23          59          23          60
          23          61          23          62          23          63
          23          64          23          65          23          67
          24          58          24          59          24          64
          24          65          24          66          24          67
          24          68          25          56          25          57
          25          58          25          67          25          68
          25          69          26          55          26          56
          26          57          26          58          26          68
          26          69          27          55          27          56
          27          69          28          55          28          56
          28          69          29          69          30          69
          30          70          31          69          31          70
          32          68          33          67          33          68
          34          68          35          71          36          74
          37          77          38          77          38          78
          40          76          41          76          41          77
          42          76          43          74          43          75
          44          70          44          71          44          72
          44          73          44          74          44          75
          45          71          45          72          45          73
          45          74
   56     2000.00    0.028469     10.93   0.01150      0.51
          24          60          24          61          24          62
          24          63          25          59          25          60
          25          61          25          62          25          63
          25          64          25          65          25          66
          26          59          26          60          26          65
          26          66          26          67          27          57
          27          58          27          59          27          67
          27          68          28          57          28          58
          28          67          28          68          29          67
          29          68          30          55          30          67
          30          68          31          53          31          54
          31          67          31          68          32          54
          32          66          32          67          33          66
          36          73          37          75          37          76
          38          76          39          76          40          75
          41          74          41          75          42          71
          42          72          42          73          42          74
          42          75          43          70          43          71
          43          72          43          73
   44     2000.00    0.037197     11.72   0.01133      0.53
          26          61          26          62          26          63
          26          64          27          60          27          61
          27          62          27          63          27          64
          27          65          27          66          28          59
          28          60          28          61          28          65
          28          66          29          56          29          58
          29          66          30          56          30          65
          30          66          31          55          31          56
          31          66          32          53          32          55
          32          56          33          56          34          67
          37          74          38          74          38          75
          39          74          39          75          40          73
          40          74          41          70          41          71
          41          72          41          73          42          69
          42          70          47          72
   39     2000.00    0.065594     16.02   0.01116      0.66
          28          62          28          63          28          64
          29          57          29          59          29          60
          29          61          29          62          29          63
          29          64          29          65          30          57
          30          58          30          64          31          57
          31          64          31          65          32          57
          32          58          32          65          33          57
          33          64          33          65          34          66
          35          70          36          72          37          72
          37          73          38          72          38          73
          39          71          39          72          39          73
          40          69          40          70          40          71
          40          72          41          69          43          69
   28     2000.00    0.064586     17.95   0.01100      0.66
          30          59          30          60          30          61
          30          62          30          63          31          58
          31          59          31          60          31          61
          31          62          31          63          32          59
          32          63          32          64          33          58
          33          63          34          57          34          58
          34          65          35          69          36          70
          36          71          37          70          37          71
          38          70          38          71          39          69
          39          70
   16     2000.00    0.058752     24.89   0.01083      0.84
          32          60          32          61          32          62
          33          59          33          60          33          62
          34          63          34          64          35          68
          36          68          36          69          37          68
          37          69          38          68          38          69
          39          68
   15     2000.00    0.063597     45.00   0.01066      1.37
          33          61          34          60          34          61
          34          62          35          60          35          65
          35          66          35          67          36          66
          36          67          37          66          37          67
          38          66          38          67          39          65
   11     2000.00    0.060473     49.05   0.01050      1.45
          35          61          35          62          35          63
          35          64          36          61          36          62
          36          64          36          65          37          64
          37          65          38          65
    9     2000.00    0.090556     56.82   0.01033      1.60
          36          63          37          61          37          62
          37          63          38          63          38          64
          39          63          39          64          40          63
    5     2000.00    0.089280     73.12   0.01017      1.92
          38          61          38          62          39          61
          39          62          40          62
