tavgf      potet      basin_cfs       swrad       

69.79399998663    0.1046822612519019    0.0    568.1711916237145    

67.95400002483    0.09049250606929654    0.0    506.8089235033616    

61.23400033043001    0.08148246580394056    0.0    506.8089235033616    

62.49400027313    0.08484599610926773    0.0    517.0410105781127    

65.69400008213    0.07510997105671022    0.0    437.2922809625552    

64.75400021583    0.103411030791931    0.0    605.2019652373613    

60.13400042593    0.09602984024964943    0.0    605.2019652373613    

58.13400042593    0.06639044898098456    0.0    437.2922809625552    

57.61400054053    0.09201905569980502    0.0    605.2019652373613    

56.03400052143    0.06398081904575002    0.0    437.2922809625552    

62.754000215830004    0.06748883236407027    0.0    411.5474619753142    

57.03400052143    0.07741599367830072    0.0    517.0410105781127    

56.454000502330004    0.06066720717277441    0.0    411.5474619753142    

55.19400055963    0.05930837252336452    0.0    411.5474619753142    

56.354000597829994    0.09001770178847184    0.0    605.2019652373613    

54.514000636030005    0.0759577193271889    0.0    530.7101979815753    

58.03400052143    0.09268677241501336    0.0    605.2019652373613    

53.93400061693001    0.0548345404583588    0.0    389.41305631055    

50.154000788830004    0.05389121063950938    0.0    411.5474619753142    

52.57400076972999    0.08402972476577751    0.0    605.2019652373613    

57.61400054053    0.08638864301860266    0.0    568.1711916237145    

62.23400033043001    0.09329957464432767    0.0    568.1711916237145    

64.17400019673    0.08714088172972065    0.0    517.0410105781127    

67.29399998663    0.09977228004659001    0.0    568.1711916237145    

65.45400002483    0.08612097295714276    0.0    506.8089235033616    

58.73400033043001    0.07713861130857509    0.0    506.8089235033616    

59.99400027313    0.08040917011020472    0.0    517.0410105781127    

63.19400008213    0.07134658707379592    0.0    437.2922809625552    

62.254000215830004    0.0982059344515584    0.0    605.2019652373613    

57.63400042593    0.09084739564599774    0.0    605.2019652373613    

55.63400042593    0.06265381849274848    0.0    437.2922809625552    

55.11400054053    0.08684889924906682    0.0    605.2019652373613    

53.53400052143    0.060251565340343    0.0    437.2922809625552    

60.254000215830004    0.06395683730732202    0.0    411.5474619753142    

54.53400052143    0.07300194144385154    0.0    517.0410105781127    

53.954000502330004    0.057156120047086686    0.0    411.5474619753142    

52.69400055963    0.05580144288289414    0.0    411.5474619753142    

53.854000597829994    0.08485367169087693    0.0    605.2019652373613    

52.014000636030005    0.07143769455409396    0.0    530.7101979815753    

55.53400052143    0.08751457122319639    0.0    605.2019652373613    

51.43400061693001    0.05152015160692353    0.0    389.41305631055    

47.654000788830004    0.05040083130502473    0.0    411.5474619753142    

50.07400076972999    0.07888400321009062    0.0    605.2019652373613    

55.11400054053    0.08153483533087504    0.0    568.1711916237145    

59.73400033043001    0.08842458309557248    0.0    568.1711916237145    

61.674000196730006    0.0826970100363243    0.0    517.0410105781127    

70.29399998663    0.10454217730499164    0.0    562.1292028752931    

68.45400002483    0.09020085773146305    0.0    500.3337071713844    

61.73400033043001    0.08130045501367897    2.9441802358215146    500.3337071713844    

62.99400027313    0.08465087180239034    2.9441802358215146    510.5042569187516    

66.19400008213    0.07467798518603583    2.9441802358215146    430.45671335777865    

65.25400021583    0.1034357054972067    2.9441802358215146    599.3036095506801    

60.63400042593    0.09612195527673036    2.9441802358215146    599.3036095506801    

58.63400042593    0.06608948270093117    2.9441802358215146    430.45671335777865    

58.11400054053    0.09214782043424014    2.9441802358215146    599.3036095506801    

56.53400052143    0.0637160631480007    2.9441802358215146    430.45671335777865    

63.254000215830004    0.06703786999691293    2.9441802358215146    404.5562480835205    

57.53400052143    0.07731029563063427    2.9441802358215146    510.5042569187516    

56.954000502330004    0.06032800715622148    2.9441802358215146    404.5562480835205    

55.69400055963    0.058991436462448296    2.9441802358215146    404.5562480835205    

56.854000597829994    0.0901647555401788    2.9441802358215146    599.3036095506801    

55.014000636030005    0.07590344619038324    2.9441802358215146    524.0836952029886    

58.53400052143    0.09280943549623254    2.9441802358215146    599.3036095506801    

54.43400061693001    0.05448396229732391    2.9441802358215146    382.2945725023921    

50.654000788830004    0.05366303733067539    2.9441802358215146    404.5562480835205    

53.07400076972999    0.0842315028189335    2.9441802358215146    599.3036095506801    

58.11400054053    0.08643195205553769    2.9441802358215146    562.1292028752931    

62.73400033043001    0.09327359438068816    2.9441802358215146    562.1292028752931    

64.67400019673    0.08691813887251866    2.9441802358215146    510.5042569187516    

68.29399998663    0.10043367617574753    2.9441802358215146    560.9052286417958    

66.45400002483    0.0863677766656202    2.9441802358215146    498.15483940430653    

59.73400033043001    0.07752792580962166    2.9441802358215146    498.15483940430653    

60.99400027313    0.08080115340547774    0.0    508.35056880200085    

64.19400008213    0.07119076883033003    0.0    427.3282150545067    

63.254000215830004    0.09918204671151755    0.0    598.5380606022198    

58.63400042593    0.09189558339897702    0.0    598.5380606022198    

56.63400042593    0.06268562771433275    0.0    427.3282150545067    

56.11400054053    0.08793625956120199    0.0    598.5380606022198    

54.53400052143    0.06033523201154611    0.0    427.3282150545067    

61.254000215830004    0.0637019101462073    0.0    401.05491135924177    

55.53400052143    0.07350948049603044    0.0    508.35056880200085    

54.954000502330004    0.0570664398730272    0.0    401.05491135924177    

53.69400055963    0.055744682120181965    0.0    401.05491135924177    

54.854000597829994    0.08596058101069678    0.0    598.5380606022198    

53.014000636030005    0.07203608992823383    0.0    521.9560714102068    

56.53400052143    0.08859540967157682    0.0    598.5380606022198    

52.43400061693001    0.051361186769240744    0.0    378.4799587076927    

48.654000788830004    0.05047531778622135    0.0    401.05491135924177    

51.07400076972999    0.08004941106985547    0.0    598.5380606022198    

56.11400054053    0.08240730376519917    0.0    560.9052286417958    

60.73400033043001    0.08921729784099962    0.0    560.9052286417958    

62.674000196730006    0.0830533066773875    0.0    508.35056880200085    

64.29399998663    0.091698751115043    0.0    554.8658208782593    

62.454000024829995    0.07848024787834419    0.0    491.7074960617813    

55.73400033043001    0.06979761116810884    0.0    491.7074960617813    

56.99400027313    0.0728926822625443    0.0    501.8404082888    

60.19400008213    0.06428446006717188    0.0    420.549183147672    

59.254000215830004    0.09006747237194586    0.0    592.6300393525859    

54.63400042593    0.08288828870000207    0.0    592.6300393525859    

52.63400042593    0.05595525470984013    0.0    420.549183147672    

52.11400054053    0.07898722689824537    0.0    592.6300393525859    

50.53400052143    0.05365345359503923    0.0    420.549183147672    

57.254000215830004    0.05720344963057708    0.0    394.1334937938315    

51.53400052143    0.06572962399275195    0.0    501.8404082888    

50.954000502330004    0.05071441167824344    0.0    394.1334937938315    

49.69400055963    0.04942181155013233    0.0    394.1334937938315    

50.854000597829994    0.07704061241741741    0.0    592.6300393525859    

49.014000636030005    0.06411898879455301    0.0    515.3545824031754    

52.53400052143    0.07963667906612452    0.0    592.6300393525859    

48.43400061693001    0.04536012835960904    0.0    371.4439449128498    

44.654000788830004    0.04426865140711298    0.0    394.1334937938315    

47.07400076972999    0.07121636814620491    0.0    592.6300393525859    

52.11400054053    0.07395391657782158    0.0    554.8658208782593    

56.73400033043001    0.08065760930282903    0.0    554.8658208782593    

58.674000196730006    0.0751050928478092    0.0    501.8404082888    

63.79399998663    0.08937222175028921    0.0    546.4757275371516    

61.954000024829995    0.07629274268990438    0.0    483.19955874047093    

55.23400033043001    0.06776557855246317    0.0    483.19955874047093    

56.49400027313    0.07079894294635217    0.0    493.2256425560325    

59.69400008213    0.06227724252449359    0.0    412.0353155223681    

58.754000215830004    0.08778625347115425    0.0    584.2003140105988    

54.13400042593    0.08071352878076506    0.0    584.2003140105988    

52.13400042593    0.05412166285740498    0.0    412.0353155223681    

51.61400054053    0.07687031131991102    0.0    584.2003140105988    

50.03400052143    0.051867840643654045    0.0    412.0353155223681    

56.754000215830004    0.055306177919613314    0.0    385.5996336138537    

51.03400052143    0.06376316067211261    0.0    493.2256425560325    

50.454000502330004    0.048961530605488815    0.0    385.5996336138537    

49.19400055963    0.04769769138070261    0.0    385.5996336138537    

50.354000597829994    0.07495255991380072    0.0    584.2003140105988    

48.514000636030005    0.06216971046625045    0.0    506.589922082974    

52.03400052143    0.07751013370180078    0.0    584.2003140105988    

47.93400061693001    0.04370209683900757    0.0    362.90117887882803    

44.154000788830004    0.04265918678460045    0.0    385.5996336138537    

46.57400076973    0.0692146695014942    0.0    584.2003140105988    

51.61400054053    0.0719064305463444    0.0    546.4757275371516    

56.23400033043001    0.07850471261342042    0.0    546.4757275371516    

58.174000196730006    0.0729720403658751    0.0    493.2256425560325    

66.29399998663    0.09324939266378496    0.0    541.6680546997502    

64.45400002483    0.07955937206253984    0.0    477.87966782463417    

57.73400033043001    0.07110014323582337    0.0    477.87966782463417    

58.99400027313    0.07420011359337894    0.0    487.86365823792494    

62.19400008213    0.06488841311492956    0.0    406.26514093694567    

61.254000215830004    0.09205973822564026    0.0    579.5903147817518    

56.63400042593    0.08502125864684033    0.0    579.5903147817518    

54.63400042593    0.05682233443231491    0.0    406.26514093694567    

54.11400054053    0.08119666886056062    0.0    579.5903147817518    

52.53400052143    0.054593261387650624    0.0    406.26514093694567    

59.254000215830004    0.05769828711753974    0.0    379.64580624441965    

53.53400052143    0.06721945563914063    0.0    487.86365823792494    

52.954000502330004    0.05143242899824906    0.0    379.64580624441965    

51.69400055963    0.050184291077087766    0.0    379.64580624441965    

52.854000597829994    0.07928821769461344    0.0    579.5903147817518    

51.014000636030005    0.06575642781373306    0.0    501.16444837130285    

54.53400052143    0.08183338914221137    0.0    579.5903147817518    

50.43400061693001    0.04599271520507315    0.0    356.7984910729405    

46.654000788830004    0.0452084043812867    0.0    379.64580624441965    

49.07400076972999    0.07357817377471348    0.0    579.5903147817518    

54.11400054053    0.0758840176381505    0.0    541.6680546997502    

58.73400033043001    0.08244432880329676    0.0    541.6680546997502    

60.674000196730006    0.07635619602454474    0.0    487.86365823792494    

66.29399998663    0.09302649434360007    0.0    540.3732805887196    

64.45400002483    0.07919078206661505    0.0    475.66570282906383    

57.73400033043001    0.07077074393532432    0.0    475.66570282906383    

58.99400027313    0.0738667726911542    0.0    485.67195118891846    

62.19400008213    0.0643900319948551    0.0    403.1447860651331    

61.254000215830004    0.09192403437260267    0.0    578.7359495574409    

56.63400042593    0.0848959301089707    0.0    578.7359495574409    

54.63400042593    0.056385905533530414    0.0    403.1447860651331    

54.11400054053    0.08107697809203826    0.0    578.7359495574409    

52.53400052143    0.054173953078928326    0.0    403.1447860651331    

59.254000215830004    0.05717056050026871    0.0    376.17344671523017    

53.53400052143    0.0669174750503696    0.0    485.67195118891846    

52.954000502330004    0.05096201188312769    0.0    376.17344671523017    

51.69400055963    0.04972528982257382    0.0    376.17344671523017    

52.854000597829994    0.07917134014478522    0.0    578.7359495574409    

51.014000636030005    0.06547178082610275    0.0    498.9950034169572    

54.53400052143    0.08171275979405374    0.0    578.7359495574409    

50.43400061693001    0.04550738708101535    0.0    353.03345259745635    

46.654000788830004    0.04479491414599158    0.0    376.17344671523017    

49.07400076972999    0.0734697133133528    0.0    578.7359495574409    

54.11400054053    0.07570262857408003    0.0    540.3732805887196    

58.73400033043001    0.0822472583251513    0.0    540.3732805887196    

60.674000196730006    0.07601316901231195    0.0    485.67195118891846    

64.29399998663    0.08908304004350158    0.0    539.0382479479548    

62.454000024829995    0.07556084218708983    0.0    473.4163501844082    

55.73400033043001    0.06720119297641296    0.0    473.4163501844082    

56.99400027313    0.07022059057534036    0.0    483.4439994632657    

60.19400008213    0.06114274752163439    0.0    399.9960876821428    

59.254000215830004    0.08781947563128192    0.0    577.8385684497218    

54.63400042593    0.0808194774196396    0.0    577.8385684497218    

52.63400042593    0.05322060740119104    0.0    399.9960876821428    

52.11400054053    0.07701578233623894    0.0    577.8385684497218    

50.53400052143    0.051031299996878596    0.0    399.9960876821428    

57.254000215830004    0.05408923450838549    0.0    372.6764576454581    

51.53400052143    0.06332011488398474    0.0    483.4439994632657    

50.954000502330004    0.04795346651179996    0.0    372.6764576454581    

49.69400055963    0.04673123687518729    0.0    372.6764576454581    

50.854000597829994    0.07511775346454364    0.0    577.8385684497218    

49.014000636030005    0.061809004542337495    0.0    496.78814846466065    

52.53400052143    0.07764902480800737    0.0    577.8385684497218    

48.43400061693001    0.04264956048532103    0.0    349.2477108943389    

44.654000788830004    0.041858620114570665    0.0    372.6764576454581    

47.07400076972999    0.06943887668054613    0.0    577.8385684497218    

52.11400054053    0.07184437772342897    0.0    539.0382479479548    

56.73400033043001    0.07835684730670558    0.0    539.0382479479548    

58.674000196730006    0.07235189886404994    0.0    483.4439994632657    

62.79399998663    0.08534451862955503    0.0    533.0514965967171    

60.954000024829995    0.07214683125041074    0.0    467.0912120252865    

54.23400033043001    0.06391405045222283    0.0    467.0912120252865    

55.49400027313    0.06684917759482067    0.0    477.05320377315047    

58.69400008213    0.058116350696703525    0.0    393.4164659016863    

57.754000215830004    0.08398878488558494    0.0    571.9499834504246    

53.13400042593    0.07707285911422423    0.0    571.9499834504246    

51.13400042593    0.05033884501095611    0.0    393.4164659016863    

50.61400054053    0.07331483634464571    0.0    571.9499834504246    

49.03400052143    0.04818949895194773    0.06638934880340645    393.4164659016863    

55.754000215830004    0.05124415985828238    0.06638934880340645    365.9897146025622    

50.03400052143    0.06005242419689419    0.06638934880340645    477.05320377315047    

49.45400050233    0.04522954624199804    0.06638934880340645    365.9897146025622    

48.19400055963    0.04403144641582362    0.06638934880340645    365.9897146025622    

49.35400059783    0.07143959477641985    0.06638934880340645    571.9499834504246    

47.51400063603    0.05850984032417197    0.06638934880340645    490.30263926469775    

51.03400052143    0.07394047580772022    0.06638934880340645    571.9499834504246    

46.93400061693    0.04008336483002043    0.06638934880340645    342.4796902619806    

43.154000788830004    0.039255014380072985    0.06638934880340645    365.9897146025622    

45.57400076973    0.06582888536006616    0.06638934880340645    571.9499834504246    

50.61400054053    0.06832867272850303    0.06638934880340645    533.0514965967171    

55.23400033043001    0.07475698686333962    0.06638934880340645    533.0514965967171    

57.174000196730006    0.06894844344096812    0.06638934880340645    477.05320377315047    

59.29399998663    0.07755529668315293    0.06638934880340645    523.6548011784508    

57.454000024829995    0.06522812813346057    0.06638934880340645    457.80417599482166    

50.73400033043001    0.05719360463804393    0.06638934880340645    457.80417599482166    

51.99400027313    0.059956201763776605    0.06638934880340645    467.63555666900453    

55.19400008213    0.05218636234150396    0.06638934880340645    384.37399215095553    

54.254000215830004    0.07586724562613865    0.06638934880340645    562.3898069858847    

49.63400042593    0.0690960224973136    0.06638934880340645    562.3898069858847    

47.63400042593    0.044620131558429844    0.06638934880340645    384.37399215095553    

47.11400054053    0.06541660325494966    0.06638934880340645    562.3898069858847    

45.53400052143    0.042529152233220374    0.06638934880340645    384.37399215095553    

52.254000215830004    0.045733714730207944    0.0    357.02728606656564    

46.53400052143    0.053322103574237154    0.0    467.63555666900453    

45.95400050233    0.039891466157265576    0.0    357.02728606656564    

44.69400055963    0.03872769244852339    0.0    357.02728606656564    

45.85400059783    0.06358057776168885    0.0    562.3898069858847    

44.01400063603    0.051678067132963294    0.0    480.7040447625037    

47.53400052143    0.06602915799383798    0.0    562.3898069858847    

43.43400061693    0.03510018719391773    0.0    333.5969057165724    

39.654000788830004    0.034088078750450265    0.0    357.02728606656564    

42.07400076973    0.058087175363907714    0.0    562.3898069858847    

47.11400054053    0.06091098726492396    0.0    523.6548011784508    

51.73400033043001    0.06719898811109189    0.0    523.6548011784508    

53.674000196730006    0.06200521497482779    0.0    467.63555666900453    

50.79399998663    0.06161769347746383    0.0    517.1761670675079    

48.95400002483    0.051232177521489876    0.0    451.09570277769916    

42.23400033043    0.043397286225517716    0.0    451.09570277769916    

43.49400027313    0.04583216100304518    0.0    460.84997616275484    

46.69400008213    0.04036811915866066    0.0    377.5299571010085    

45.75400021583    0.058973499299996235    0.0    555.9500536006028    

41.13400042593    0.05234898654052791    0.0    555.9500536006028    

39.13400042593    0.03301339507017729    0.0    377.5299571010085    

38.61400054053    0.04874922700596288    0.0    555.9500536006028    

37.03400052143    0.030980820226067813    0.0    377.5299571010085    

43.75400021583    0.03477856851756991    0.0    350.1231012069266    

38.03400052143    0.039361809505178605    0.0    460.84997616275484    

37.45400050233    0.029108431471699597    0.0    350.1231012069266    

36.19400055963    0.027978921989076425    0.0    350.1231012069266    

37.35400059783    0.046952935459730887    0.0    555.9500536006028    

35.51400063603    0.037411255661023615    0.0    473.80880076787963    

39.03400052143    0.04934852288917715    0.0    555.9500536006028    

34.93400061693    0.025050968546015753    0.0    326.65270315477704    

31.154000788830004    0.023475842261374533    0.0    350.1231012069266    

33.57400076973    0.04157835312133252    0.0    555.9500536006028    

38.61400054053    0.045349286697902    0.0    517.1761670675079    

43.23400033043    0.05149538791542874    0.0    517.1761670675079    

45.17400019673    0.047830565251469136    0.0    460.84997616275484    

45.29399998663    0.050597908044131064    0.0    503.2523860355768    

43.45400002483    0.04160614961800134    0.0    437.9303935620438    

36.73400033043    0.03405077248670807    0.0    437.9303935620438    

37.99400027313    0.036235468943240146    0.0    447.46545433107116    

41.19400008213    0.032295600539501514    0.0    365.32669393710665    

40.25400021583    0.047414746658569096    0.0    541.4887286461784    

35.63400042593    0.041005643000406315    0.0    541.4887286461784    

33.63400042593    0.025226133764041956    0.0    365.32669393710665    

33.11400054053    0.03752289863585443    0.0    541.4887286461784    

31.534000521430002    0.023272364621005657    0.0    365.32669393710665    

38.25400021583    0.027351907661464947    0.0    338.2700092072179    

32.53400052143    0.02999494534109059    0.0    447.46545433107116    

31.954000502329997    0.021910269678708263    2.0824716081020855    338.2700092072179    

30.69400055963    0.02082626541354523    2.0824716081020855    338.2700092072179    

31.85400059783    0.03578498800164376    2.0824716081020855    541.4887286461784    

30.014000636029998    0.027894300754842217    2.0824716081020855    460.1260534769816    

33.53400052143    0.03810271544128765    2.0824716081020855    541.4887286461784    

29.43400061693    0.018391999033592902    2.0824716081020855    315.1113061865579    

25.654000788830004    0.01650456254249073    2.0824716081020855    338.2700092072179    

28.07400076973    0.03058504398251929    2.0824716081020855    541.4887286461784    

33.11400054053    0.0348732804035959    2.0824716081020855    503.2523860355768    

37.73400033043    0.04081401448193823    2.0824716081020855    503.2523860355768    

39.67400019673    0.038162868486483655    2.0824716081020855    447.46545433107116    

39.79399998663    0.04002273300093655    2.0824716081020855    487.7900829850327    

37.95400002483    0.03241652574930525    2.0824716081020855    423.48199331370375    

31.23400033043    0.025159147412786687    2.0824716081020855    423.48199331370375    

32.49400027313    0.02709732268343972    2.0824716081020855    432.7662171724564    

35.69400008213    0.024642856993622064    2.0824716081020855    352.1194479316243    

34.75400021583    0.03633157255669812    2.0824716081020855    525.3444581208943    

30.134000425929997    0.03015498354124246    2.0824716081020855    525.3444581208943    

28.134000425929997    0.01787435582041536    2.0824716081020855    352.1194479316243    

27.61400054053    0.026798552473388304    2.0824716081020855    525.3444581208943    

26.034000521430002    0.016003736192465656    2.0824716081020855    352.1194479316243    

32.75400021583    0.020341944018442717    2.0824716081020855    325.5184402850127    

27.034000521430002    0.021101965993541014    2.0824716081020855    432.7662171724564    

26.454000502329997    0.015140282952487618    2.0824716081020855    325.5184402850127    

25.19400055963    0.014104071504103675    0.007502104771036273    325.5184402850127    

26.35400059783    0.025123663329751057    0.007502104771036273    525.3444581208943    

24.514000636029998    0.018868760395142792    0.007502104771036273    445.08695701895965    

28.034000521430002    0.027357342082828976    0.007502104771036273    525.3444581208943    

23.93400061693    0.01215557246764178    0.007502104771036273    302.7618174986722    

20.154000788830004    0.00997286946852637    0.007502104771036273    325.5184402850127    

22.57400076973    0.020112245558030973    0.007502104771036273    525.3444581208943    

27.61400054053    0.02488285149448486    0.007502104771036273    487.7900829850327    

32.23400033043    0.03060273583142966    0.007502104771036273    487.7900829850327    

34.17400019673    0.02894898175355788    0.007502104771036273    432.7662171724564    

35.79399998663    0.03274125509359509    0.007502104771036273    476.8110279762296    

33.95400002483    0.026096034951980037    0.007502104771036273    412.9760353133781    

27.23400033043    0.019052991076242906    0.007502104771036273    412.9760353133781    

28.49400027313    0.020819442179574717    0.007502104771036273    422.09251880683416    

31.694000082130003    0.01939075450152366    0.007502104771036273    342.2503331419905    

30.754000215829997    0.02870105340499648    0.007502104771036273    514.0037807234688    

26.134000425929997    0.022687049529371447    0.007502104771036273    514.0037807234688    

24.134000425929997    0.012843795388700157    0.007502104771036273    342.2503331419905    

23.61400054053    0.01941894340636469    0.007502104771036273    514.0037807234688    

22.03400052143    0.011034384367905504    0.007502104771036273    342.2503331419905    

28.754000215829997    0.01554118859337824    0.007502104771036273    315.8811192811112    

23.034000521430002    0.015000223335509117    0.007502104771036273    422.09251880683416    

22.454000502329997    0.010517929381892076    0.007502104771036273    315.8811192811112    

21.19400055963    0.009517248652962681    0.007502104771036273    315.8811192811112    

22.35400059783    0.017788122427118257    0.008896952646474852    514.0037807234688    

20.514000636029998    0.012678716766117816    0.008896952646474852    434.18399282821423    

24.034000521430002    0.01996302964962426    0.008896952646474852    514.0037807234688    

19.93400061693    0.007909922780748474    0.008896952646474852    293.3351560384167    

16.15400078883    0.005527674176583972    0.008896952646474852    315.8811192811112    

18.57400076973    0.012908533592682868    0.008896952646474852    514.0037807234688    

23.61400054053    0.018013809849352747    0.008896952646474852    476.8110279762296    

28.23400033043    0.02357792137254746    0.008896952646474852    476.8110279762296    

30.17400019673    0.022616687138799142    0.008896952646474852    422.09251880683416    

35.29399998663    0.015020757747934172    0.008896952646474852    224.19585602479117    

33.45400002483    0.011918582832628439    0.008896952646474852    193.72101317601224    

26.73400033043    0.00861679720108001    0.008896952646474852    193.72101317601224    

27.99400027313    0.009439360803846625    0.008896952646474852    198.02697377279657    

31.194000082130003    0.008799646148513399    0.008896952646474852    160.00922963575792    

30.254000215829997    0.013106125603389989    0.008896952646474852    241.91208954379965    

25.634000425929997    0.010277393465277625    0.008896952646474852    241.91208954379965    

23.634000425929997    0.005740658689612249    0.008896952646474852    160.00922963575792    

23.11400054053    0.008740213561677706    0.008896952646474852    241.91208954379965    

21.53400052143    0.00489523215273757    0.008896952646474852    160.00922963575792    

28.254000215829997    0.007009498934936594    0.008896952646474852    147.43809209964746    

22.53400052143    0.006710894706155588    0.008896952646474852    198.02697377279657    

21.954000502329997    0.004666301881666744    0.008896952646474852    147.43809209964746    

20.69400055963    0.004199514390097839    0.008896952646474852    147.43809209964746    

21.85400059783    0.007973143448351936    0.008896952646474852    241.91208954379965    

20.014000636029998    0.005614142836759351    0.0    203.73496139817388    

23.53400052143    0.008996128960035635    0.0    241.91208954379965    

19.43400061693    0.0034613293369810403    0.0    136.69572332510216    

15.65400078883    0.002338496176719291    0.0    147.43809209964746    

18.07400076973    0.0056779869687861575    0.0    241.91208954379965    

23.11400054053    0.008100131188131625    0.0    224.19585602479117    

27.73400033043    0.010714785500714193    0.0    224.19585602479117    

29.67400019673    0.010282036987938831    0.0    198.02697377279657    

42.29399998663    0.019479336072050175    0.0    215.38040336384645    

40.45400002483    0.015767170159437585    0.0    185.66076346555326    

33.73400033043    0.012575741763177158    0.0    185.66076346555326    

34.99400027313    0.013467227764512963    0.0    189.81606580658345    

38.19400008213    0.011973523854679728    0.0    152.83510723218285    

37.25400021583    0.01803056311402972    0.0    232.6200756168635    

32.63400042593    0.015287280350663268    0.0    232.6200756168635    

30.634000425929997    0.009026767721207318    0.0    152.83510723218285    

30.11400054053    0.013796555614536084    0.0    232.6200756168635    

28.534000521430002    0.008212374266310246    0.0    152.83510723218285    

35.25400021583    0.009957700378968882    0.0    140.59287827230042    

29.534000521430002    0.010829609781217955    0.0    189.81606580658345    

28.954000502329997    0.0077042553796987726    0.0    140.59287827230042    

27.69400055963    0.0072553539038530705    0.0    140.59287827230042    

28.85400059783    0.013052672566581184    0.0    232.6200756168635    

27.014000636029998    0.00989627422464036    0.0    195.32131620107438    

30.534000521430002    0.01404473597851228    0.0    232.6200756168635    

26.43400061693    0.006300839462084368    0.0    130.13768711635825    

22.654000788830004    0.005465666402453278    0.0    140.59287827230042    

25.07400076973    0.01082691581605232    0.0    232.6200756168635    

30.11400054053    0.01277408110804993    0.0    215.38040336384645    

34.73400033043    0.01530732955572192    0.0    215.38040336384645    

36.67400019673    0.014281857086791711    0.0    189.81606580658345    

46.29399998663    0.04871278962958936    0.0    468.77215659133503    

44.45400002483    0.039656576169688915    0.0    403.12056786816083    

37.73400033043    0.032693275087174956    0.0    403.12056786816083    

38.99400027313    0.03476123299333165    0.0    412.20513713529505    

42.19400008213    0.03034741486702389    0.0    330.7182747056295    

41.25400021583    0.04607681761421638    0.0    506.77452825637357    

36.63400042593    0.04007128849505693    0.0    506.77452825637357    

34.63400042593    0.023939865441485585    0.0    330.7182747056295    

34.11400054053    0.03680785537024076    0.0    506.77452825637357    

32.53400052143    0.02216903333448309    0.0    330.7182747056295    

39.25400021583    0.0255754905400872    0.0    303.7138181747438    

33.53400052143    0.029005469943892147    0.0    412.20513713529505    

32.95400050233    0.020683803494886546    0.0    303.7138181747438    

31.69400055963    0.019709354529145087    0.0    303.7138181747438    

32.85400059783    0.035179384084651384    0.0    506.77452825637357    

31.014000636029998    0.027129365723485798    0.0    424.2344469459296    

34.53400052143    0.03735116032377875    0.0    506.77452825637357    

30.43400061693    0.017314318506569535    0.0    280.6651832222362    

26.654000788830004    0.0158244329346394    0.0    303.7138181747438    

29.07400076973    0.030306896646251535    0.0    506.77452825637357    

34.11400054053    0.03404768152175318    0.0    468.77215659133503    

38.73400033043    0.03958811945545758    0.0    468.77215659133503    

40.67400019673    0.036538916691287816    0.0    412.20513713529505    

48.79399998663    0.054007253404014854    0.0    480.63655863669845    

46.95400002483    0.04404035171805361    0.0    412.3289052131463    

40.23400033043    0.03689624553138387    0.0    412.3289052131463    

41.49400027313    0.039099419850310214    0.0    421.68505324566365    

44.69400008213    0.033771143612566466    0.0    337.11103541852503    

43.75400021583    0.05166227384520454    0.0    520.0948832884392    

39.13400042593    0.045480093786001506    0.0    520.0948832884392    

37.13400042593    0.027219820048229156    0.0    337.11103541852503    

36.61400054053    0.04212068440090125    0.0    520.0948832884392    

35.03400052143    0.02540926575628333    0.0    337.11103541852503    

41.75400021583    0.028619160969666546    0.0    309.05524624693766    

36.03400052143    0.03319334845220068    0.0    421.68505324566365    

35.45400050233    0.02362628078845527    0.0    309.05524624693766    

34.19400055963    0.022631678857240895    0.0    309.05524624693766    

35.35400059783    0.04044432482404303    0.0    520.0948832884392    

33.51400063603    0.03137388212187125    0.0    434.06719768074674    

37.03400052143    0.042679966918084365    0.0    520.0948832884392    

32.93400061693    0.019962866534234784    0.0    285.1241283688444    

29.154000788830004    0.018666428908782794    0.0    309.05524624693766    

31.57400076973    0.035428570124990254    0.0    520.0948832884392    

36.61400054053    0.03892509126386487    0.0    480.63655863669845    

41.23400033043    0.04462306093075268    0.0    480.63655863669845    

43.17400019673    0.04092353576787988    0.0    421.68505324566365    

53.79399998663    0.06222849495963285    0.0    481.14458343373593    

51.954000024829995    0.05095433772951374    0.0    411.76675074278324    

45.23400033043    0.04377627001841078    0.0    411.76675074278324    

46.49400027313    0.04614909142202437    0.0    421.17448033121474    

49.69400008213    0.03927751707618154    0.0    335.4843850396655    

48.754000215830004    0.06056731028116905    0.0    521.1406259029208    

44.13400042593    0.05433479321482534    0.0    521.1406259029208    

42.13400042593    0.032717917282770806    0.0    335.4843850396655    

41.61400054053    0.050948064405414335    0.0    521.1406259029208    

40.03400052143    0.03090510020650506    0.0    335.4843850396655    

46.75400021583    0.03360601339600344    0.0    307.03147220458794    

41.03400052143    0.040214117492552034    0.0    421.17448033121474    

40.45400050233    0.02861551333758965    0.0    307.03147220458794    

39.19400055963    0.027621396017718854    0.0    307.03147220458794    

40.35400059783    0.049258081219385054    0.0    521.1406259029208    

38.51400063603    0.038593968508656464    0.0    433.61809505098387    

42.03400052143    0.05151189347136525    0.0    521.1406259029208    

37.93400061693    0.02452503475500285    0.0    282.77707129059456    

34.154000788830004    0.02365811272310638    0.0    307.03147220458794    

36.57400076973    0.044201599374059646    0.0    521.1406259029208    

41.61400054053    0.04703794716181777    0.0    481.14458343373593    

46.23400033043    0.05277680345353662    0.0    481.14458343373593    

48.17400019673    0.04798215229558193    0.0    421.17448033121474    

54.79399998663    0.0640510288150112    0.0    482.5344474071697    

52.954000024829995    0.05237729015920114    0.0    411.95313287008315    

46.23400033043    0.045187185461784005    0.0    411.95313287008315    

47.49400027313    0.047601851675542206    0.0    421.429834244656    

50.69400008213    0.04029183280979515    0.0    334.4620147731134    

49.75400021583    0.06257285294011193    0.0    523.144697725365    

45.13400042593    0.0563087200010335    0.0    523.144697725365    

43.13400042593    0.033744230088031645    0.0    334.4620147731134    

42.61400054053    0.05290481805040473    0.0    523.144697725365    

41.03400052143    0.031934733434714285    0.0    334.4620147731134    

47.75400021583    0.03447804137127909    0.0    305.5592838924622    

42.03400052143    0.04165602842736304    0.0    421.429834244656    

41.45400050233    0.029505406435545625    0.0    305.5592838924622    

40.19400055963    0.028514849978231532    0.0    305.5592838924622    

41.35400059783    0.051206267233627055    0.0    523.144697725365    

39.51400063603    0.04008045236515219    0.0    433.9578549460092    

43.03400052143    0.05347150580002071    0.0    523.144697725365    

38.93400061693    0.02530761741468298    0.0    280.9375424428874    

35.154000788830004    0.024565769823413925    0.0    305.5592838924622    

37.57400076973    0.04612415791074086    0.0    523.144697725365    

42.61400054053    0.048797965943507535    0.08687359145355496    482.5344474071697    

47.23400033043    0.054560427601970586    0.08687359145355496    482.5344474071697    

49.17400019673    0.0494382671169016    0.08687359145355496    421.429834244656    

52.29399998663    0.05943866834245533    0.08687359145355496    478.4398271123983    

50.454000024829995    0.04834733817886228    0.08687359145355496    407.4609711373375    

43.73400033043    0.04125734145313822    0.08687359145355496    407.4609711373375    

44.99400027313    0.04356918657264074    0.08687359145355496    416.89866867644986    

48.19400008213    0.03691980278113573    0.08687359145355496    329.64714383716546    

47.25400021583    0.05770648392671757    0.08687359145355496    519.2009936250745    

42.63400042593    0.0515085262086551    0.08687359145355496    519.2009936250745    

40.63400042593    0.03048612871198257    0.08687359145355496    329.64714383716546    

40.11400054053    0.04814056672772275    0.08687359145355496    519.2009936250745    

38.53400052143    0.02870810537131895    0.08687359145355496    329.64714383716546    

45.25400021583    0.03138221424869433    0.08687359145355496    300.6261814133793    

39.53400052143    0.037705202476350376    0.08687359145355496    416.89866867644986    

38.95400050233    0.02650475645693915    0.08687359145355496    300.6261814133793    

37.69400055963    0.025533154297668652    0.08687359145355496    300.6261814133793    

38.85400059783    0.04645994680709275    0.08687359145355496    519.2009936250745    

37.01400063603    0.03605730694637391    0.08687359145355496    429.3683541107911    

40.53400052143    0.04870127153458043    0.08687359145355496    519.2009936250745    

36.43400061693    0.022544232179554265    0.08687359145355496    275.92028197744264    

32.654000788830004    0.021659622834771554    0.08687359145355496    300.6261814133793    

35.07400076973    0.041431469560717575    0.08687359145355496    519.2009936250745    

40.11400054053    0.04436117169478431    0.08687359145355496    478.4398271123983    

44.73400033043    0.05005733643633708    0.08687359145355496    478.4398271123983    

46.67400019673    0.04538031627845497    0.08687359145355496    416.89866867644986    

52.79399998663    0.059672285941730976    0.08687359145355496    473.8398866455587    

50.954000024829995    0.048447921097461474    0.08687359145355496    402.5549690324666    

44.23400033043    0.04143900967930778    0.08687359145355496    402.5549690324666    

45.49400027313    0.04374633335456342    0.08687359145355496    411.9429002458378    

48.69400008213    0.036894531036296634    0.08687359145355496    324.51848016805604    

47.75400021583    0.0580767061731346    0.08687359145355496    514.70083691815    

43.13400042593    0.05192871746362718    0.08687359145355496    514.70083691815    

41.13400042593    0.030557085911668155    0.08687359145355496    324.51848016805604    

40.61400054053    0.048587914394786776    0.08687359145355496    514.70083691815    

39.03400052143    0.028805658966694146    0.08687359145355496    324.51848016805604    

45.75400021583    0.03133701302776122    0.08687359145355496    295.41767538403053    

40.03400052143    0.037948522134497224    0.08687359145355496    411.9429002458378    

39.45400050233    0.026541136927095595    0.08687359145355496    295.41767538403053    

38.19400055963    0.025585787059468356    0.08687359145355496    295.41767538403053    

39.35400059783    0.046920846468491    0.08687359145355496    514.70083691815    

37.51400063603    0.036345719190202595    0.08687359145355496    424.3401175157282    

41.03400052143    0.049144097983011927    0.08687359145355496    514.70083691815    

36.93400061693    0.02256749616316748    0.08687359145355496    270.66079667700143    

33.154000788830004    0.02177705269395876    0.08687359145355496    295.41767538403053    

35.57400076973    0.04193292078910186    0.08687359145355496    514.70083691815    

40.61400054053    0.044730628353011746    0.08687359145355496    473.8398866455587    

45.23400033043    0.05037546811604161    0.08687359145355496    473.8398866455587    

47.17400019673    0.04553702692470247    0.08549254524998655    411.9429002458378    

54.29399998663    0.061627747782385264    0.08549254524998655    470.31129363793843    

52.454000024829995    0.04999892743833888    0.08549254524998655    398.5748216582739    

45.73400033043    0.04304657674009649    0.08549254524998655    398.5748216582739    

46.99400027313    0.04538763375953438    0.08549254524998655    407.93345456863506    

50.19400008213    0.0380255540294807    0.08549254524998655    320.15624961983747    

49.25400021583    0.060296334049883424    0.08549254524998655    511.35674425655804    

44.63400042593    0.054177089620274343    0.08549254524998655    511.35674425655804    

42.63400042593    0.03176183554516933    0.08549254524998655    320.15624961983747    

42.11400054053    0.05085191610976129    0.08549254524998655    511.35674425655804    

40.53400052143    0.03003079084530398    0.08549254524998655    320.15624961983747    

47.25400021583    0.0323339317052997    0.08549254524998655    290.9172128822824    

41.53400052143    0.039635737608297486    0.08549254524998655    407.93345456863506    

40.95400050233    0.02760246791470528    0.08549254524998655    290.9172128822824    

39.69400055963    0.026659952119905593    0.08549254524998655    290.9172128822824    

40.85400059783    0.049192649994375136    0.08549254524998655    511.35674425655804    

39.01400063603    0.03811228593043763    0.08549254524998655    420.2853142401366    

42.53400052143    0.05140549716934769    0.08549254524998655    511.35674425655804    

38.43400061693    0.02352119074199918    0.08549254524998655    266.06018485681346    

34.654000788830004    0.022902393774041276    0.08549254524998655    290.9172128822824    

37.07400076973    0.044228078057892736    0.08549254524998655    511.35674425655804    

42.11400054053    0.04677014768685733    0.08549254524998655    470.31129363793843    

46.73400033043    0.05238321326418513    0.08549254524998655    470.31129363793843    

48.67400019673    0.04716415147567224    0.08549254524998655    407.93345456863506    

53.79399998663    0.059920703534886294    0.06451648141023988    463.30096782914956    

51.954000024829995    0.048346898528778486    0.06451648141023988    390.69579161962633    

45.23400033043    0.041536147438192034    0.06451648141023988    390.69579161962633    

46.49400027313    0.04382837479739695    0.06451648141023988    399.99472167822006    

49.69400008213    0.036475444075852695    0.06451648141023988    311.5508014700046    

48.75400021583    0.05865647976725067    0.06451648141023988    504.69922532899716    

44.13400042593    0.05262059160408263    0.06451648141023988    504.69922532899716    

42.13400042593    0.03038380862546366    0.06451648141023988    311.5508014700046    

41.61400054053    0.04934071027925278    0.06451648141023988    504.69922532899716    

40.03400052143    0.028700318608596478    0.06451648141023988    311.5508014700046    

46.75400021583    0.030871950700940575    0.06451648141023988    282.05251131229045    

41.03400052143    0.03819185512217855    0.06451648141023988    399.99472167822006    

40.45400050233    0.026287459527860407    0.06451648141023988    282.05251131229045    

39.19400055963    0.025374219967774645    0.06451648141023988    282.05251131229045    

40.35400059783    0.047704044161868    0.06451648141023988    504.69922532899716    

38.51400063603    0.03669252224250852    0.06451648141023988    412.2546141852121    

42.03400052143    0.04988675117236176    0.06451648141023988    504.69922532899716    

37.93400061693    0.02229039710353777    0.06451648141023988    257.01138749892993    

34.154000788830004    0.021733374948660046    0.06451648141023988    282.05251131229045    

36.57400076973    0.042807088631286766    0.06451648141023988    504.69922532899716    

41.61400054053    0.04529350884351773    0.06451648141023988    463.30096782914956    

46.23400033043    0.05081953525165233    0.06451648141023988    463.30096782914956    

48.17400019673    0.045569255853061305    0.06451648141023988    399.99472167822006    

41.79399998663    0.04112318630450299    0.06451648141023988    463.30096782914956    

39.95400002483    0.032524426917468825    0.28937472717037116    390.69579161962633    

33.23400033043    0.02581261837116456    0.28937472717037116    390.69579161962633    

34.49400027313    0.027711696057315723    0.28937472717037116    399.99472167822006    

37.69400008213    0.02388638715225962    0.28937472717037116    311.5508014700046    

36.75400021583    0.03827557441345921    0.28937472717037116    504.69922532899716    

32.13400042593    0.032327284339188155    0.28937472717037116    504.69922532899716    

30.134000425929997    0.01788314151860134    0.28937472717037116    311.5508014700046    

29.61400054053    0.029094926364348923    0.28937472717037116    504.69922532899716    

28.034000521430002    0.01622402543748365    0.28937472717037116    311.5508014700046    

34.75400021583    0.01950608047945416    0.28937472717037116    282.05251131229045    

29.034000521430002    0.022156880757267367    0.28937472717037116    399.99472167822006    

28.454000502329997    0.014988040600023827    0.28937472717037116    282.05251131229045    

27.19400055963    0.014088015576983089    0.28937472717037116    282.05251131229045    

28.35400059783    0.027481954164919917    0.28937472717037116    504.69922532899716    

26.514000636029998    0.020204705638272983    0.28937472717037116    412.2546141852121    

30.034000521430002    0.029633059255259005    0.28937472717037116    504.69922532899716    

25.93400061693    0.01201822048667321    0.28937472717037116    257.01138749892993    

22.154000788830004    0.010499778480979513    0.28937472717037116    282.05251131229045    

24.57400076973    0.02265581078111781    0.28937472717037116    504.69922532899716    

29.61400054053    0.02670839753069506    0.28937472717037116    463.30096782914956    

34.23400033043    0.032154317170571094    0.28937472717037116    463.30096782914956    

36.17400019673    0.02942730119132202    0.28937472717037116    399.99472167822006    

43.79399998663    0.041864048946646255    0.28937472717037116    438.4236046822668    

41.95400002483    0.0331777484737345    0.28937472717037116    368.79954440061584    

35.23400033043    0.026826660433607402    0.020826077986056804    368.79954440061584    

36.49400027313    0.02868534042370584    0.020826077986056804    377.63678383422905    

39.69400008213    0.024427714591217932    0.020826077986056804    293.00933752850796    

38.75400021583    0.03945549984428201    0.020826077986056804    478.05580294137434    

34.13400042593    0.03380750925813678    0.020826077986056804    478.05580294137434    

32.13400042593    0.018768002194072347    0.020826077986056804    293.00933752850796    

31.61400054053    0.03073834905637675    0.020826077986056804    478.05580294137434    

30.034000521430002    0.01720383671218526    0.020826077986056804    293.00933752850796    

36.75400021583    0.020079604557806396    0.020826077986056804    264.76835476762733    

31.034000521430002    0.02342826442860725    0.020826077986056804    377.63678383422905    

30.454000502329997    0.015828118936138745    0.020826077986056804    264.76835476762733    

29.19400055963    0.014981196918298216    0.020826077986056804    264.76835476762733    

30.35400059783    0.029206817034073716    0.020826077986056804    478.05580294137434    

28.514000636029998    0.021660020587783713    0.020826077986056804    389.28175864800136    

32.03400052143    0.031249311686033687    0.020826077986056804    478.05580294137434    

27.93400061693    0.012856441730860063    0.020826077986056804    240.81244306261547    

24.15400078883    0.011604683598840409    0.020826077986056804    264.76835476762733    

26.57400076973    0.02462436197008976    0.020826077986056804    478.05580294137434    

31.61400054053    0.02819005168928178    0.020826077986056804    438.4236046822668    

36.23400033043    0.033356077899575814    0.020826077986056804    438.4236046822668    

38.17400019673    0.030308995170367118    0.020826077986056804    377.63678383422905    

39.29399998663    0.01720176025868644    0.020826077986056804    214.02342723448788    

37.45400002483    0.013446584806544648    0.020826077986056804    179.5875092341456    

30.73400033043    0.01037079195592474    0.020826077986056804    179.5875092341456    

31.99400027313    0.011209904060729877    0.0    183.9198622884056    

35.19400008213    0.009711244806704475    0.0    142.15322743862143    

34.25400021583    0.01576514284652959    0.0    233.5935689857875    

29.634000425929997    0.013020398894096735    0.0    233.5935689857875    

27.634000425929997    0.0069804084419207695    0.0    142.15322743862143    

27.11400054053    0.011528871299228735    0.0    233.5935689857875    

25.534000521430002    0.006225682574958109    0.0    142.15322743862143    

32.25400021583    0.007798453351141768    0.0    128.2083126053081    

26.534000521430002    0.008663501696623924    0.0    183.9198622884056    

25.954000502329997    0.005750974742457757    0.0    128.2083126053081    

24.69400055963    0.005343100612040897    0.0    128.2083126053081    

25.85400059783    0.010784585292763143    0.0    233.5935689857875    

24.014000636029998    0.0077256106053036075    0.0    189.6256424262798    

27.534000521430002    0.011777185757922536    0.0    233.5935689857875    

23.43400061693    0.004480716867728761    0.0    116.38828190487037    

19.654000788830004    0.0037169731510105887    0.0    128.2083126053081    

22.07400076973    0.008557613607316454    0.0    233.5935689857875    

27.11400054053    0.01056299862328994    0.0    214.02342723448788    

31.73400033043    0.013071141670522693    0.0    214.02342723448788    

33.67400019673    0.0119963567494652    0.0    183.9198622884056    

45.29399998663    0.04389828211723802    0.0    436.61716605150053    

43.45400002483    0.03472036535414689    0.0    365.4532660138502    

36.73400033043    0.028415397055100763    0.0    365.4532660138502    

37.99400027313    0.03031290072764758    0.0    374.3286975928565    

41.19400008213    0.025477276158453462    0.0    288.1980490843083    

40.25400021583    0.04176753000022127    0.0    476.9960468495619    

35.63400042593    0.036121766853062016    0.0    476.9960468495619    

33.63400042593    0.019900332106550882    0.0    288.1980490843083    

33.11400054053    0.03305382618099617    0.0    476.9960468495619    

31.534000521430002    0.01835904737502475    0.0    288.1980490843083    

38.25400021583    0.020976883860379283    0.0    259.4279998461063    

32.53400052143    0.025092370182373893    0.0    374.3286975928565    

31.954000502329997    0.016803551258231932    0.0    259.4279998461063    

30.69400055963    0.01597220041221702    0.0    259.4279998461063    

31.85400059783    0.031522905113869064    0.0    476.9960468495619    

30.014000636029998    0.02340124794530388    0.0    386.0116071072277    

33.53400052143    0.03356458533341669    0.0    476.9960468495619    

29.43400061693    0.013719711749441952    0.0    235.06070666779328    

25.654000788830004    0.012657774949568226    0.0    259.4279998461063    

28.07400076973    0.026942287624078035    0.0    476.9960468495619    

33.11400054053    0.03025573903520642    0.0    436.61716605150053    

37.73400033043    0.03540986557196174    0.0    436.61716605150053    

39.67400019673    0.03192527315501625    0.0    374.3286975928565    

51.29399998663    0.05364173522511077    0.0    443.9110478206151    

49.454000024829995    0.042721123658643834    0.0    370.63081824850536    

42.73400033043    0.03627986113132039    0.0    370.63081824850536    

43.99400027313    0.038400544484513466    0.0    379.69224268604745    

47.19400008213    0.031627454545085795    0.0    291.18496489702846    

46.254000215830004    0.05231217889972171    0.0    485.4267060737028    

41.63400042593    0.046524469078069605    0.0    485.4267060737028    

39.63400042593    0.025951371000198648    0.0    291.18496489702846    

39.11400054053    0.0433794313104115    0.0    485.4267060737028    

37.53400052143    0.02438271269066713    0.0    291.18496489702846    

44.254000215830004    0.02642701896161042    0.0    261.60908567284207    

38.53400052143    0.03306640180412972    0.0    379.69224268604745    

37.95400050233    0.022187757551139314    0.0    261.60908567284207    

36.69400055963    0.0213432839737534    0.0    261.60908567284207    

37.85400059783    0.04181004820965566    0.0    485.4267060737028    

36.01400063603    0.03157607601202851    0.0    391.61370423712646    

39.53400052143    0.04390302396034182    0.0    485.4267060737028    

35.43400061693    0.018538549370288506    0.0    236.57898502323468    

31.654000788830004    0.01797657604911979    0.0    261.60908567284207    

34.07400076973    0.03711438908350936    0.0    485.4267060737028    

39.11400054053    0.039669446624849315    0.0    443.9110478206151    

43.73400033043001    0.04494808330632097    0.0    443.9110478206151    

45.674000196730006    0.040048025927686956    0.0    379.69224268604745    

55.79399998663    0.06114251713621796    0.0    449.09234300489084    

53.954000024829995    0.04882663130333968    0.0    374.01974641908225    

47.23400033043    0.042290612423337065    0.0    374.01974641908225    

48.49400027313    0.04458347753013131    0.0    383.22494337258854    

51.69400008213    0.0362591505449214    0.0    292.73889064404557    

50.754000215830004    0.060462372880828924    0.0    491.55968450857335    

46.13400042593    0.05456924019877616    0.0    491.55968450857335    

44.13400042593    0.030521333971081678    0.0    292.73889064404557    

43.61400054053    0.05136694455676931    0.0    491.55968450857335    

42.03400052143    0.028935634261203744    0.0    292.73889064404557    

48.754000215830004    0.0305068714437655    0.0    262.4909378464978    

43.03400052143    0.03917007067329095    0.0    383.22494337258854    

42.45400050233    0.026229907755247434    0.0    262.4909378464978    

41.19400055963    0.025377931874684637    0.0    262.4909378464978    

42.35400059783    0.04976899719986028    0.0    491.55968450857335    

40.51400063603    0.03784072021076697    0.0    395.32922009962164    

44.03400052143    0.051900068209521    0.0    491.55968450857335    

39.93400061693    0.022137048423734    0.0    236.91251997810352    

36.154000788830004    0.02198134088300303    0.0    262.4909378464978    

38.57400076973    0.04498790283307828    0.0    491.55968450857335    

43.61400054053    0.046929197432177765    0.0    449.09234300489084    

48.23400033043    0.05229884258273703    0.0    449.09234300489084    

50.174000196730006    0.0462554552264938    0.0    383.22494337258854    

52.230999996639994    0.055216123409843984    0.0    445.21826452433544    

50.57100000624    0.04403325363586427    0.0    369.86601147068626    

45.291000083040004    0.03939282133082944    0.0    369.86601147068626    

46.28100006864    0.0412583746499806    0.0    379.02930815076036    

48.58100002064    0.03267673375904877    0.0    288.38966232276755    

48.27100005424    0.055892629520221476    0.0    487.78163418805707    

44.64100010704    0.05169087929203092    0.0    487.78163418805707    

42.64100010704    0.028617154422251292    0.0    288.38966232276755    

42.66100013584    0.049405812677409    0.0    487.78163418805707    

40.991000131039996    0.027494015045771696    0.0    288.38966232276755    

46.27100005424    0.02782699410755096    0.0    258.0808683102128    

41.991000131039996    0.03741011953281954    0.0    379.02930815076036    

41.32100012624    0.024805365243306617    0.0    258.0808683102128    

40.33100014064    0.024202935369705653    0.0    258.0808683102128    

41.671000150240005    0.04826507343892661    0.0    487.78163418805707    

40.01100015984    0.036772268420933334    0.0    391.07222119166875    

42.991000131039996    0.04978632555654594    0.0    487.78163418805707    

39.34100015504    0.02125922124341669    0.0    232.4717966147145    

36.37100019824    0.02179950121787444    0.0    258.0808683102128    

38.70100019344    0.044850006441393774    0.0    487.78163418805707    

42.66100013584    0.045094707623145276    0.0    445.21826452433544    

46.291000083040004    0.048921784711106184    0.0    445.21826452433544    

47.60100004944    0.04244597525478103    0.0    379.02930815076036    

53.230999996639994    0.056054193787854846    0.0    439.91963739071065    

51.57100000624    0.04463736260425006    0.0    364.55004191548323    

46.291000083040004    0.040057742658127594    0.0    364.55004191548323    

47.28100006864    0.04193479009283421    0.0    373.64115863516736    

49.581000020640005    0.0330432231942641    0.0    283.1609752757807    

49.271000054240005    0.05691352607387828    0.0    482.43239826128723    

45.64100010704    0.05275251243505277    0.0    482.43239826128723    

43.64100010704    0.029052124490325116    0.0    283.1609752757807    

43.66100013584    0.05048960344159726    0.0    482.43239826128723    

41.991000131039996    0.027947933587983313    0.0    283.1609752757807    

47.27100005424    0.028122757967692907    0.0    252.89734167736833    

42.991000131039996    0.038136368943246554    0.0    373.64115863516736    

42.32100012624    0.025158016311883163    0.0    252.89734167736833    

41.33100014064    0.024566929169199534    0.0    252.89734167736833    

42.671000150240005    0.04935992655559442    0.0    482.43239826128723    

41.01100015984    0.03755208145215159    0.0    385.5830324405397    

43.991000131039996    0.05086642642417016    0.0    482.43239826128723    

40.34100015504    0.02155415136063764    0.0    227.3474715899761    

37.37100019824    0.022208750851477166    0.0    252.89734167736833    

39.70100019344    0.045977981009668954    0.0    482.43239826128723    

43.66100013584    0.046040373984166966    0.0    439.91963739071065    

47.291000083040004    0.049826760890004096    0.0    439.91963739071065    

48.60100004944    0.04310701340202944    0.0    373.64115863516736    

53.730999996639994    0.05643793625122563    0.0    437.097006181658    

52.07100000624    0.044853534101259154    0.0    361.30528360229965    

46.791000083040004    0.04031175700520182    0.0    361.30528360229965    

47.78100006864    0.04219460641839706    0.0    370.37450332557313    

50.081000020640005    0.03309743659244775    0.0    279.56571794789727    

49.771000054240005    0.057414755106860074    0.0    479.7888756050644    

46.14100010704    0.05327388245890828    0.0    479.7888756050644    

44.14100010704    0.029154480610121273    0.0    279.56571794789727    

44.16100013584    0.05102192863538773    0.0    479.7888756050644    

42.491000131039996    0.028063610198003602    0.0    279.56571794789727    

47.771000054240005    0.028131362280082263    0.0    249.18526715746464    

43.491000131039996    0.038426976458412976    0.0    370.37450332557313    

42.82100012624    0.02520826225537844    0.0    249.18526715746464    

41.83100014064    0.024625477782204586    0.0    249.18526715746464    

43.171000150240005    0.04989772119593013    0.0    479.7888756050644    

41.51100015984    0.03787348344179518    0.0    382.2814962027367    

44.491000131039996    0.051396927259713406    0.0    479.7888756050644    

40.84100015504    0.021570603883421406    0.0    223.55816596987106    

37.87100019824    0.02230042507724228    0.0    249.18526715746464    

40.20100019344    0.046532151548000236    0.0    479.7888756050644    

44.16100013584    0.04648197027915163    0.0    437.097006181658    

47.791000083040004    0.05024647856515288    0.0    437.097006181658    

49.10100004944    0.0433573282338059    0.0    370.37450332557313    

59.230999996639994    0.06436960696421148    0.0    435.2584605690289    

57.57100000624    0.05127777338098763    0.0    358.88662503061244    

52.291000083040004    0.046734343278708054    0.0    358.88662503061244    

53.28100006864    0.048786491741526904    0.0    367.95375694349815    

55.581000020640005    0.037922464154281084    0.0    276.62627083827715    

55.271000054240005    0.06617015004726842    0.0    478.21937059254753    

51.64100010704    0.062013515657581265    0.0    478.21937059254753    

49.64100010704    0.03399326984606089    0.0    276.62627083827715    

49.66100013584    0.05975300969024871    0.0    478.21937059254753    

47.991000131039996    0.032906219554803905    0.0    276.62627083827715    

53.271000054240005    0.032371224206201206    0.0    246.0665921524112    

48.991000131039996    0.045016934313472964    0.0    367.95375694349815    

48.32100012624    0.029464233808829867    0.0    246.0665921524112    

47.33100014064    0.02888466646587732    0.0    246.0665921524112    

48.671000150240005    0.05862453807528804    0.0    478.21937059254753    

47.01100015984    0.04468251892410295    0.0    379.8519388712844    

49.991000131039996    0.0601294314663031    0.0    478.21937059254753    

46.34100015504    0.025342865010697116    0.0    220.31007428185663    

43.37100019824    0.026572466300987783    0.0    246.0665921524112    

45.70100019344    0.05524622327320362    0.0    478.21937059254753    

49.66100013584    0.05438508896015268    0.0    435.2584605690289    

53.291000083040004    0.05816035833609773    0.0    435.2584605690289    

54.60100004944    0.04994981849088487    0.0    367.95375694349815    

60.730999996639994    0.0662535558723022    0.0    432.9562158960931    

59.07100000624    0.05270577873917847    0.0    356.0976369913411    

53.791000083040004    0.048188930478130027    0.0    356.0976369913411    

54.78100006864    0.05028073355159234    0.0    365.1524404578752    

57.081000020640005    0.03888219691276933    0.0    273.4172158553151    

56.771000054240005    0.0683191562301816    0.0    476.1345329354437    

53.14100010704    0.06417263782271923    0.0    476.1345329354437    

51.14100010704    0.03499107399774969    0.0    273.4172158553151    

51.16100013584    0.06191763860493377    0.0    476.1345329354437    

49.491000131039996    0.03391455999500211    0.0    273.4172158553151    

54.771000054240005    0.033170415874965026    0.0    242.71659865602163    

50.491000131039996    0.04653264569519507    0.0    365.1524404578752    

49.821000126239994    0.03029746129313574    0.0    242.71659865602163    

48.83100014064    0.02972468111796146    0.0    242.71659865602163    

50.171000150240005    0.060791917438795924    0.0    476.1345329354437    

48.51100015984    0.04626583527390694    0.0    377.0284317059703    

51.491000131039996    0.06229314312824108    0.0    476.1345329354437    

47.84100015504    0.026047294629812128    0.0    216.86339997791427    

44.87100019824    0.02743956331358874    0.0    242.71659865602163    

47.20100019344    0.057421842309165604    0.0    476.1345329354437    

51.16100013584    0.05630263014602358    0.0    432.9562158960931    

54.791000083040004    0.06006518835006534    0.0    432.9562158960931    

56.10100004944    0.05143743730519181    0.0    365.1524404578752    

56.730999996639994    0.06001185462724958    0.0    430.6754907484086    

55.07100000624    0.047471075637241    0.0    353.33970631501126    

49.791000083040004    0.04301225068896939    0.0    353.33970631501126    

50.78100006864    0.04496844525904464    0.0    362.3819987988419    

53.08100002064    0.03474743715662829    0.0    270.24945779954805    

52.77100005424    0.061559346125840735    0.0    474.06681865422183    

49.14100010704    0.05745204462534406    0.0    474.06681865422183    

47.14100010704    0.03092114890343452    0.0    270.24945779954805    

47.16100013584    0.05521835856381614    0.0    474.06681865422183    

45.491000131039996    0.029862562922439155    0.0    270.24945779954805    

50.77100005424    0.029461813268670683    0.0    239.41253230386334    

46.491000131039996    0.04126788511780294    0.0    362.3819987988419    

45.82100012624    0.02664251059114583    0.0    239.41253230386334    

44.83100014064    0.02608042321978702    0.0    239.41253230386334    

46.171000150240005    0.054103273437842346    0.0    474.06681865422183    

44.51100015984    0.04085980463950595    0.0    374.2356276600649    

47.491000131039996    0.05559031469513135    0.0    474.06681865422183    

43.84100015504    0.022753393576405594    0.0    213.46697173656798    

40.87100019824    0.02383795211577452    0.0    239.41253230386334    

43.20100019344    0.05076502460170804    0.0    474.06681865422183    

47.16100013584    0.05016422313694729    0.0    430.6754907484086    

50.791000083040004    0.053887749698517735    0.0    430.6754907484086    

52.10100004944    0.04611047417458701    0.0    362.3819987988419    

53.730999996639994    0.054711784579455705    0.0    423.7284144495371    

52.07100000624    0.04304990189948597    0.0    346.77662143033484    

46.791000083040004    0.0386907569100812    0.0    346.77662143033484    

47.78100006864    0.04052366958340246    0.0    355.7074059668998    

50.081000020640005    0.031278381382615315    0.0    264.2006163545095    

49.771000054240005    0.055866535943605564    0.0    466.8511154396581    

46.14100010704    0.051837324111313844    0.0    466.8511154396581    

44.14100010704    0.02755213265499591    0.0    264.2006163545095    

44.16100013584    0.049646095410766464    0.0    466.8511154396581    

42.491000131039996    0.02652121714303711    0.0    264.2006163545095    

47.771000054240005    0.026368609117376488    0.0    233.57094626506668    

43.491000131039996    0.036905240486162325    0.0    355.7074059668998    

42.82100012624    0.023628674904628392    0.0    233.57094626506668    

41.83100014064    0.023082408576684584    0.0    233.57094626506668    

43.171000150240005    0.048552202818041255    0.0    466.8511154396581    

41.51100015984    0.03640003504699675    0.0    367.4090312020796    

44.491000131039996    0.05001098199933941    0.0    466.8511154396581    

40.84100015504    0.020052281266161456    0.0    207.82224028602462    

37.87100019824    0.02090304714569346    0.0    233.57094626506668    

40.20100019344    0.04527738753132904    0.0    466.8511154396581    

44.16100013584    0.0450603213664883    0.0    423.7284144495371    

47.791000083040004    0.048709692340551926    0.0    423.7284144495371    

49.10100004944    0.0416403467766396    0.0    355.7074059668998    

54.730999996639994    0.05604817153475313    0.0    422.92788569021246    

53.07100000624    0.04403559677880648    0.0    345.26449539749177    

47.791000083040004    0.039689873922605666    0.0    345.26449539749177    

48.78100006864    0.041552518130539604    0.0    354.2124037926879    

51.08100002064    0.03190972785237721    0.0    262.02614699156163    

50.77100005424    0.05739428024284326    0.0    466.39729358778493    

47.14100010704    0.05336380794474579    0.0    466.39729358778493    

45.14100010704    0.028209395760406354    0.0    262.02614699156163    

45.16100013584    0.051171897214440584    0.0    466.39729358778493    

43.491000131039996    0.027185652607092336    0.0    262.02614699156163    

48.77100005424    0.026879800717811646    0.0    231.16794033817803    

44.491000131039996    0.03794466707728904    0.0    354.2124037926879    

43.82100012624    0.02416457128418479    0.0    231.16794033817803    

42.83100014064    0.023623231300366997    0.0    231.16794033817803    

44.171000150240005    0.050077665053197794    0.0    466.39729358778493    

42.51100015984    0.03748542859769187    0.0    365.93068372616807    

45.491000131039996    0.051536897206103646    0.0    466.39729358778493    

41.84100015504    0.020494507560837514    0.0    205.2499408038469    

38.87100019824    0.021463526790805425    0.0    231.16794033817803    

41.20100019344    0.04680183681811181    0.0    466.39729358778493    

45.16100013584    0.04640254691269297    0.0    422.92788569021246    

48.791000083040004    0.05004970411029005    0.0    422.92788569021246    

50.10100004944    0.042665932605396174    0.0    354.2124037926879    

53.730999996639994    0.05390923100361377    0.0    417.5128476056436    

52.07100000624    0.04220902490878368    0.0    340.0031685533672    

46.791000083040004    0.037935025403084854    0.0    340.0031685533672    

47.78100006864    0.03974469728330694    0.0    348.8697671490043    

50.081000020640005    0.030429373128563593    0.0    257.0292572849126    

49.771000054240005    0.05514790369617507    0.0    460.8458340912225    

46.14100010704    0.05117052112992798    0.0    460.8458340912225    

44.14100010704    0.02680426825131482    0.0    257.0292572849126    

44.16100013584    0.0490074790276565    0.0    460.8458340912225    

42.491000131039996    0.025801335510209033    0.0    257.0292572849126    

47.77100005424    0.02554627070137845    0.0    226.28674097688554    

43.491000131039996    0.036195823980632966    0.0    348.8697671490043    

42.82100012624    0.02289178480144885    0.0    226.28674097688554    

41.83100014064    0.022362554479645327    0.0    226.28674097688554    

43.171000150240005    0.04792765758645483    0.0    460.8458340912225    

41.51100015984    0.035713153396760754    0.06638934880340645    360.4758916779594    

44.491000131039996    0.049367671942910085    0.06638934880340645    460.8458340912225    

40.84100015504    0.019344695947160973    0.06638934880340645    200.48881202236194    

37.87100019824    0.020251159190481056    0.06638934880340645    226.28674097688554    

40.20100019344    0.04469496747950649    0.06638934880340645    460.8458340912225    

44.16100013584    0.04439934270678576    0.06638934880340645    417.5128476056436    

47.791000083040004    0.04799518196465112    0.06638934880340645    417.5128476056436    

49.10100004944    0.040839908982164566    0.06638934880340645    348.8697671490043    

46.730999996639994    0.043777966800992114    0.06638934880340645    415.3853333976793    

45.07100000624    0.033897077874191744    0.06638934880340645    337.44008742285405    

39.791000083040004    0.029693257186207366    0.06638934880340645    337.44008742285405    

40.78100006864    0.031279451977701475    0.06638934880340645    346.2942688431724    

43.08100002064    0.02407473227894842    0.06638934880340645    254.09875823280083    

42.77100005424    0.04406602502056904    0.06638934880340645    458.9127102995926    

39.14100010704    0.0401407466423116    0.06638934880340645    458.9127102995926    

37.14100010704    0.02052299887941063    0.06638934880340645    254.09875823280083    

37.16100013584    0.038006017186820125    0.06638934880340645    458.9127102995926    

35.491000131039996    0.019540350719886485    0.06638934880340645    254.09875823280083    

40.77100005424    0.01993504219272237    0.06638934880340645    223.23837966907854    

36.491000131039996    0.027788250349980573    0.06638934880340645    346.2942688431724    

35.82100012624    0.01733970932323292    0.06638934880340645    223.23837966907854    

34.83100014064    0.01682226645703292    0.06638934880340645    223.23837966907854    

36.171000150240005    0.03694032364160414    0.06638934880340645    458.9127102995926    

34.51100015984    0.027058095792952097    0.06638934880340645    357.87853736906516    

37.491000131039996    0.038361496589646514    0.06707518625801133    458.9127102995926    

33.84100015504    0.014415543879241413    0.06707518625801133    197.3646766359965    

30.871000198239997    0.01475787803056885    0.06707518625801133    223.23837966907854    

33.20100019344    0.033749903969681264    0.06707518625801133    458.9127102995926    

37.16100013584    0.034401187341180556    0.06707518625801133    415.3853333976793    

40.791000083040004    0.03794673746286762    0.06707518625801133    415.3853333976793    

42.10100004944    0.03235685389173466    0.06707518625801133    346.2942688431724    

45.73099999664    0.04188320356777954    0.06707518625801133    410.5561856542592    

44.07100000624    0.032300010000044024    0.06707518625801133    332.7025633705539    

38.791000083040004    0.028160520103354052    0.06707518625801133    332.7025633705539    

39.78100006864    0.029698793160796308    0.06707518625801133    341.48585311681376    

42.08100002064    0.022805038667756097    0.06707518625801133    249.55652355988312    

41.77100005424    0.04206588901632776    0.06707518625801133    453.9848526097732    

38.14100010704    0.03818773287760702    0.06707518625801133    453.9848526097732    

36.14100010704    0.019321260802435455    0.06707518625801133    249.55652355988312    

36.16100013584    0.036078627155861485    0.06707518625801133    453.9848526097732    

34.491000131039996    0.018357411673757505    0.06707518625801133    249.55652355988312    

39.77100005424    0.01880322929448412    0.06707518625801133    218.78717834135114    

35.491000131039996    0.02626047203925618    0.06707518625801133    341.48585311681376    

34.82100012624    0.01626289878693458    0.06707518625801133    218.78717834135114    

33.83100014064    0.01575642114594599    0.06707518625801133    218.78717834135114    

35.171000150240005    0.03502572454917694    0.06707518625801133    453.9848526097732    

33.51100015984    0.02550887138029202    0.06707518625801133    352.9718772613535    

36.491000131039996    0.036429839805210903    0.06707518625801133    453.9848526097732    

32.84100015504    0.01345389114691073    0.0    193.01298160997692    

29.871000198239997    0.013735776779234054    0.0    218.78717834135114    

32.20100019344    0.031873594284321655    0.0    453.9848526097732    

36.16100013584    0.03262730785752606    0.0    410.5561856542592    

39.791000083040004    0.036127155202943344    0.0    410.5561856542592    

41.10100004944    0.030759874234624382    0.0    341.48585311681376    

39.73099999664    0.03184065163861848    0.0    389.0698131685082    

38.07100000624    0.02419930371874249    0.0    314.5252622742852    

32.791000083040004    0.020315923934987185    0.0    314.5252622742852    

33.78100006864    0.021601290320797446    0.0    322.8789074705428    

36.08100002064    0.016750409231871016    0.0    235.00504842855392    

35.77100005424    0.031241951332135445    0.0    430.60850157041426    

32.14100010704    0.027591618601282408    0.0    430.60850157041426    

30.14100010704    0.013494850007131184    0.0    235.00504842855392    

30.16100013584    0.025606394351404223    0.0    430.60850157041426    

28.491000131039996    0.012594130246351849    0.0    235.00504842855392    

33.77100005424    0.013544484304366647    0.0    205.59582859346847    

29.491000131039996    0.018375155285507518    0.0    322.8789074705428    

28.82100012624    0.011175554667093838    0.0    205.59582859346847    

27.83100014064    0.010703245361864523    0.0    205.59582859346847    

29.171000150240005    0.024615330662578535    0.0    430.60850157041426    

27.511000159840002    0.01746228277797733    0.0    333.79791751296045    

30.491000131039996    0.025936978911722842    0.0    430.60850157041426    

26.84100015504    0.00900658509696925    0.0    180.98320288016876    

23.87100019824    0.008818903634738952    0.8624648919056458    205.59582859346847    

26.201000193440002    0.02164831136685154    0.8624648919056458    430.60850157041426    

30.16100013584    0.023136271183421722    0.8624648919056458    389.0698131685082    

33.791000083040004    0.02642761179849152    0.8624648919056458    389.0698131685082    

35.10100004944    0.022596880537191697    0.8624648919056458    322.8789074705428    

36.23099999664    0.013005813548381982    0.8624648919056458    185.46248792994217    

34.57100000624    0.009758782629549918    0.8624648919056458    149.56699153460596    

29.291000083040004    0.007920350797664948    0.8624648919056458    149.56699153460596    

30.281000068639997    0.008485087190624269    0.8624648919056458    153.5631637925326    

32.58100002064    0.006635422255784219    0.8624648919056458    111.31909185060935    

32.27100005424    0.012508052841591415    0.8624648919056458    205.44408521205028    

28.64100010704    0.010774239839716768    0.8624648919056458    205.44408521205028    

26.64100010704    0.005100178369202538    0.8624648919056458    111.31909185060935    

26.66100013584    0.009831304895524594    0.8624648919056458    205.44408521205028    

24.991000131039996    0.0046754173524262916    0.8624648919056458    111.31909185060935    

30.271000054239998    0.005270578903503039    0.8624648919056458    97.18275757284422    

25.991000131039996    0.006957554377215391    0.8624648919056458    153.5631637925326    

25.32100012624    0.004155802112599387    0.8624648919056458    97.18275757284422    

24.33100014064    0.0039335403536231136    0.8624648919056458    97.18275757284422    

25.671000150240005    0.009360571546705736    0.8624648919056458    205.44408521205028    

24.011000159840002    0.006467509969771545    0.8624648919056458    158.7841036676712    

26.991000131039996    0.00998832505686228    0.8624648919056458    205.44408521205028    

23.34100015504    0.0032600913090063107    0.8624648919056458    85.36276453807032    

20.37100019824    0.0030467928494390473    0.8624648919056458    97.18275757284422    

22.701000193440002    0.007951297586528072    0.012199056925940735    205.44408521205028    

26.66100013584    0.00887510713019478    0.012199056925940735    185.46248792994217    

30.291000083040004    0.010437037961300662    0.012199056925940735    185.46248792994217    

31.601000049440003    0.008956483603624561    0.012199056925940735    153.5631637925326    

39.23099999664    0.014628305608576992    0.012199056925940735    182.4839105165855    

37.57100000624    0.011050040565413158    0.012199056925940735    146.8128275141343    

32.291000083040004    0.009238530869903717    0.012199056925940735    146.8128275141343    

33.28100006864    0.009834824220334859    0.012199056925940735    150.75855689289523    

35.58100002064    0.007576496473494201    0.012199056925940735    108.84662232803781    

35.27100005424    0.014341156404338013    0.012199056925940735    202.3208117826465    

31.64100010704    0.012627148075600446    0.012199056925940735    202.3208117826465    

29.64100010704    0.006069591172010026    0.012199056925940735    108.84662232803781    

29.66100013584    0.011694988244989298    0.012199056925940735    202.3208117826465    

27.991000131039996    0.005652673305347829    0.012199056925940735    108.84662232803781    

33.27100005424    0.0060888940157976645    0.012199056925940735    94.8235171552339    

28.991000131039996    0.008329439089245907    0.012199056925940735    150.75855689289523    

28.32100012624    0.004997009427340974    0.012199056925940735    94.8235171552339    

27.33100014064    0.004779312934380456    0.012199056925940735    94.8235171552339    

28.671000150240005    0.011229635205525232    0.012199056925940735    202.3208117826465    

27.011000159840002    0.007897947012131768    0.012199056925940735    155.91121925667193    

29.991000131039996    0.011850213891773846    0.012199056925940735    202.3208117826465    

26.34100015504    0.003998264936751373    0.012199056925940735    83.10886481447818    

23.371000198239997    0.003910782799588006    0.012199056925940735    94.8235171552339    

25.701000193440002    0.009836473277042406    0.012199056925940735    202.3208117826465    

29.66100013584    0.010548332470531325    0.0    182.4839105165855    

33.291000083040004    0.01209107206538635    0.0    182.4839105165855    

34.60100004944    0.010299388018814273    0.0    150.75855689289523    

37.73099999664    0.028621281093219517    0.0    380.90450821070317    

36.07100000624    0.021477636767848703    0.0    305.7202549858181    

30.791000083040004    0.017712608997744125    0.0    305.7202549858181    

31.781000068639997    0.018914812633566026    0.0    313.98458412672545    

34.08100002064    0.014586552737691206    0.0    225.78681230700437    

33.77100005424    0.02784545556128433    0.0    422.67460170773614    

30.14100010704    0.0242715226332847    0.0    422.67460170773614    

28.14100010704    0.011466674173916244    0.0    225.78681230700437    

28.16100013584    0.022327842193098697    0.0    422.67460170773614    

26.491000131039996    0.010603489736428268    0.0    225.78681230700437    

31.771000054239998    0.01162371269063008    0.0    196.28230144715863    

27.491000131039996    0.015785545383247182    0.0    313.98458412672545    

26.82100012624    0.00936786078519662    0.0    196.28230144715863    

25.83100014064    0.008918095068142002    0.0    196.28230144715863    

27.171000150240005    0.021357516417243434    0.0    422.67460170773614    

25.511000159840002    0.014838888555928893    0.0    324.77193151370676    

28.491000131039996    0.022651509068965736    0.0    422.67460170773614    

24.84100015504    0.00740632206468746    0.0    171.65721892047614    

21.87100019824    0.007123689151158578    0.0    196.28230144715863    

24.201000193440002    0.01845257538833531    0.0    422.67460170773614    

28.16100013584    0.020121331434646235    0.0    380.90450821070317    

31.791000083040004    0.02333538232957515    0.0    380.90450821070317    

33.10100004944    0.019880506310504018    0.0    313.98458412672545    

27.23099999664    0.014472134798573622    0.0    359.927053610137    

25.57100000624    0.010196128435258064    0.0    288.20471608553083    

20.29100008304    0.006694017166874558    0.0    288.20471608553083    

21.28100006864    0.0075489951440368816    0.0    296.0402419022271    

23.581000020639998    0.006317802085143131    0.0    212.03462730429194    

23.271000054239998    0.012420093144828344    0.0    399.7366272866863    

19.64100010704    0.009085038038733667    0.0    399.7366272866863    

17.64100010704    0.0034268800459897907    0.0    212.03462730429194    

17.66100013584    0.007271241751687283    0.0    399.7366272866863    

15.99100013104    0.002627024075911745    0.0    212.03462730429194    

21.271000054239998    0.004503509475766634    0.0    183.93807903126256    

16.99100013104    0.0046377452843240794    0.0    296.0402419022271    

16.32100012624    0.002417596876183137    0.0    183.93807903126256    

15.33100014064    0.002001706096354261    0.0    183.93807903126256    

16.67100015024    0.006365749119819036    0.0    399.7366272866863    

15.011000159840002    0.0034123866228426953    0.0    306.26329861926985    

17.99100013104    0.00757328140982497    0.0    399.7366272866863    

14.34100015504    0.0013842010035834736    0.0    160.50949588649365    

11.37100019824    3.424256551549275E-4    0.0    183.93807903126256    

13.701000193440002    0.0036548734001581856    0.0    399.7366272866863    

17.66100013584    0.006547102369718176    0.0    359.927053610137    

21.29100008304    0.009543813724826877    0.0    359.927053610137    

22.601000049440003    0.008447394007900018    0.0    296.0402419022271    

36.73099999664    0.011206782625491773    0.0    156.09025873847216    

35.07100000624    0.008343963128264019    0.0    124.69573757288173    

29.791000083040004    0.0068102620388546435    0.0    124.69573757288173    

30.781000068639997    0.007291225975436008    0.0    128.10502963366244    

33.08100002064    0.005599613390801688    0.0    91.38991463706657    

32.77100005424    0.010852000745056257    0.0    173.50009964846652    

29.14100010704    0.009386839245491668    0.0    173.50009964846652    

27.14100010704    0.004338415977737278    0.0    91.38991463706657    

27.16100013584    0.00859001115257327    0.0    173.50009964846652    

25.491000131039996    0.003989476672453345    0.0    91.38991463706657    

30.771000054239998    0.004421990756108842    0.0    79.11287680070218    

26.491000131039996    0.006016119156943516    0.0    128.10502963366244    

25.82100012624    0.003513913627046284    0.0    79.11287680070218    

24.83100014064    0.0033328633426193675    0.0    79.11287680070218    

26.171000150240005    0.008192217640126693    0.0    173.50009964846652    

24.511000159840002    0.005617984588088282    0.0    132.55119304547068    

27.491000131039996    0.008722701162593983    0.0    173.50009964846652    

23.84100015504    0.002744498727278959    0.0    68.88487906194165    

20.871000198239997    0.0026105358503102673    0.0    79.11287680070218    

23.201000193440002    0.007001310440904012    0.0    173.50009964846652    

27.16100013584    0.007728047799904385    0.0    156.09025873847216    

30.791000083040004    0.009043449612193747    0.0    156.09025873847216    

32.10100004944    0.007684724065767843    0.0    128.10502963366244    

41.73099999664    0.033189876119326556    0.0    374.8166620621565    

40.07100000624    0.024929993633868705    0.0    298.063671812755    

34.791000083040004    0.021240433298593053    0.0    298.063671812755    

35.78100006864    0.022536887520834242    0.0    306.30299193266274    

38.08100002064    0.016903250188934616    0.0    216.8070577472305    

37.77100005424    0.03306781422492529    0.0    417.3070903419602    

34.14100010704    0.029521182475224696    0.0    417.3070903419602    

32.14100010704    0.013892102978950572    0.0    216.8070577472305    

32.16100013584    0.027592361739354764    0.0    417.3070903419602    

30.491000131039996    0.013059008505857502    0.0    216.8070577472305    

35.77100005424    0.013559862825365202    0.0    186.8958872208757    

31.491000131039996    0.019468547287557706    0.0    306.30299193266274    

30.82100012624    0.011400891385092801    0.0    186.8958872208757    

29.83100014064    0.010970444259515929    0.0    186.8958872208757    

31.171000150240005    0.026629457393583248    0.0    417.3070903419602    

29.511000159840002    0.01868995198350546    0.0    317.03891428152934    

32.491000131039996    0.027913553549838765    0.0    417.3070903419602    

28.84100015504    0.009137630372668109    0.0    162.02215504894238    

25.871000198239997    0.009253122026970005    0.0    186.8958872208757    

28.201000193440002    0.023746747060095594    0.0    417.3070903419602    

32.16100013584    0.024782892898085555    0.0    374.8166620621565    

35.791000083040004    0.027961769790121268    0.0    374.8166620621565    

37.10100004944    0.023483784959960036    0.0    306.30299193266274    

39.23099999664    0.03004611565102131    0.0    374.8166620621565    

37.57100000624    0.02243411369684196    0.0    298.063671812755    

32.291000083040004    0.018756334033372388    0.0    298.063671812755    

33.28100006864    0.01998185805108586    0.0    306.30299193266274    

35.58100002064    0.015091308056395407    0.0    216.8070577472305    

35.27100005424    0.02958008223920433    0.0    417.3070903419602    

31.64100010704    0.026044767101897678    0.0    417.3070903419602    

29.64100010704    0.01208976609091422    0.0    216.8070577472305    

29.66100013584    0.024122093387717983    0.0    417.3070903419602    

27.991000131039996    0.011259324740875199    0.0    216.8070577472305    

33.27100005424    0.012001128869892089    0.0    186.8958872208757    

28.991000131039996    0.016923298861035538    0.0    306.30299193266274    

28.32100012624    0.009849038913469818    0.0    186.8958872208757    

27.33100014064    0.009419962030251892    0.0    186.8958872208757    

28.671000150240005    0.023162255785399734    0.0    417.3070903419602    

27.011000159840002    0.016060143443924434    0.0    317.03891428152934    

29.991000131039996    0.024442261947913844    0.0    417.3070903419602    

26.34100015504    0.00779468595745069    0.0    162.02215504894238    

23.371000198239997    0.0077081007221086505    0.0    186.8958872208757    

25.701000193440002    0.020288718724986318    0.0    417.3070903419602    

29.66100013584    0.021665969102339415    0.0    374.8166620621565    

33.291000083040004    0.024834711506739663    0.0    374.8166620621565    

34.60100004944    0.020925733372995057    0.0    306.30299193266274    

42.73099999664    0.03385212570955956    0.0    368.31490455865054    

41.07100000624    0.025423374179389873    0.0    292.2378808202785    

35.791000083040004    0.02180129427142284    0.0    292.2378808202785    

36.78100006864    0.023103607760346284    0.0    300.3594418874417    

39.08100002064    0.017220452065917668    0.0    211.77821057849724    

38.77100005424    0.03389476654583563    0.0    410.3968652511614    

35.14100010704    0.030402399047685633    0.0    410.3968652511614    

33.14100010704    0.01427538454155453    0.0    211.77821057849724    

33.16100013584    0.02850309265366528    0.0    410.3968652511614    

31.491000131039996    0.013460574058082413    0.0    211.77821057849724    

36.77100005424    0.013826670395466187    0.0    182.18101532823744    

32.491000131039996    0.020090958335873182    0.0    300.3594418874417    

31.82100012624    0.01171947288933524    0.0    182.18101532823744    

30.83100014064    0.01129934893527841    0.0    182.18101532823744    

32.171000150240005    0.027554923213023042    0.0    410.3968652511614    

30.511000159840002    0.019363840067363598    0.0    310.93749997644466    

33.491000131039996    0.028819369520808567    0.0    410.3968652511614    

29.84100015504    0.009411148274693418    0.0    157.5906098634368    

26.871000198239997    0.00962321456334703    0.0    182.18101532823744    

29.201000193440002    0.024716328841474237    0.0    410.3968652511614    

33.16100013584    0.02558039483058988    0.0    368.31490455865054    

36.791000083040004    0.028708124474051765    0.0    368.31490455865054    

38.10100004944    0.024033320322989146    0.0    300.3594418874417    

44.73099999664    0.03670836117370562    0.0    372.13012361872916    

43.07100000624    0.027610485471812742    0.0    294.61419537292153    

37.791000083040004    0.023949586526975028    0.0    294.61419537292153    

38.78100006864    0.025322661772621213    0.0    302.8448083158794    

41.08100002064    0.018723602431732184    0.0    212.71382768995113    

40.77100005424    0.03705694254195277    0.0    414.9743817234413    

37.14100010704    0.033516569818462544    0.0    414.9743817234413    

35.14100010704    0.01575794363934225    0.0    212.71382768995113    

35.16100013584    0.03159116203079027    0.0    414.9743817234413    

33.491000131039996    0.014937439638167304    0.0    212.71382768995113    

38.77100005424    0.015081611171506727    0.0    182.60771731096943    

34.491000131039996    0.02227730511793551    0.0    302.8448083158794    

33.82100012624    0.012964070041162316    0.0    182.60771731096943    

32.83100014064    0.012541885210417911    0.0    182.60771731096943    

34.171000150240005    0.030629963865860588    0.0    414.9743817234413    

32.51100015984    0.021615069407953946    0.0    313.5605100251351    

35.491000131039996    0.03191178506750122    0.0    414.9743817234413    

31.84100015504    0.010461438687009095    0.0    157.61694662998676    

28.871000198239997    0.010857533329184429    0.0    182.60771731096943    

31.201000193440002    0.027752370886415578    0.0    414.9743817234413    

35.16100013584    0.02832951514489408    0.0    372.13012361872916    

38.791000083040004    0.03149773696079775    0.0    372.13012361872916    

40.10100004944    0.026262470811378773    0.0    302.8448083158794    

47.23099999664    0.04022042136038672    0.0    375.60994702459766    

45.57100000624    0.0303073895903092    0.0    296.7243066500145    

40.291000083040004    0.02660843390099348    0.0    296.7243066500145    

41.28100006864    0.02806702912515652    0.0    305.0565159980414    

43.58100002064    0.02058339599652632    0.0    213.45745675880357    

43.27100005424    0.0409561212842806    0.0    419.17831149779664    

39.64100010704    0.03736841000139175    0.0    419.17831149779664    

37.64100010704    0.017597825200301558    0.0    213.45745675880357    

37.66100013584    0.035417265082996    0.0    419.17831149779664    

35.991000131039996    0.016771816540460324    0.0    213.45745675880357    

41.27100005424    0.016637343102602283    0.0    182.87045144430505    

36.991000131039996    0.02498960063441515    0.0    305.0565159980414    

36.32100012624    0.01450995978504047    0.0    182.87045144430505    

35.33100014064    0.014085814418264826    0.0    182.87045144430505    

36.671000150240005    0.03444322048848082    0.0    419.17831149779664    

35.01100015984    0.024411903786975463    0.0    315.90013638079205    

37.991000131039996    0.03574217354800817    0.0    419.17831149779664    

34.34100015504    0.011766937761266251    0.0    157.50312637162583    

31.371000198239997    0.012393646561149364    0.0    182.87045144430505    

33.70100019344    0.03152717643209538    0.0    419.17831149779664    

37.66100013584    0.03173608151157932    0.0    375.60994702459766    

41.291000083040004    0.03494417948338865    0.0    375.60994702459766    

42.60100004944    0.029016739365605327    0.0    305.0565159980414    

42.23099999664    0.03354103540481821    0.0    371.7291010889771    

40.57100000624    0.025000749482484583    0.0    293.0329037336744    

35.291000083040004    0.02137113996860802    0.0    293.0329037336744    

36.28100006864    0.02267245111563031    0.0    301.3028598143222    

38.58100002064    0.016727663907661477    0.0    210.04465530440666    

38.27100005424    0.03359283031842444    0.0    415.1612098367351    

34.64100010704    0.030062178752611992    0.0    415.1612098367351    

32.64100010704    0.013808571219729561    0.0    210.04465530440666    

32.66100013584    0.028142050266868286    0.0    415.1612098367351    

30.991000131039996    0.013000946332307334    0.0    210.04465530440666    

36.27100005424    0.013329187179316592    0.0    179.58130500219428    

31.991000131039996    0.019652269786806283    0.0    301.3028598143222    

31.32100012624    0.011253386092214256    0.0    179.58130500219428    

30.33100014064    0.010839521480496104    0.0    179.58130500219428    

31.671000150240005    0.027183485652915354    0.0    415.1612098367351    

30.011000159840002    0.018915029665934707    0.0    312.06123931303256    

32.991000131039996    0.02846179454992358    0.0    415.1612098367351    

29.34100015504    0.008960567105440591    0.0    154.33885354332182    

26.371000198239997    0.009188358371089951    0.0    179.58130500219428    

28.701000193440002    0.0243137690294382    0.0    415.1612098367351    

